Run,Iteration,Wavelengths,Cofficients
405,1,451.403,0.0361827456642452
405,1,451.902,0.037337783538235796
405,1,452.9,0.05292092195285763
405,1,454.895,-0.005046587311219994
405,1,456.39,0.04367841162652903
405,1,457.386,0.03255450469950954
405,1,458.382,0.04197062445392048
405,1,462.857,0.05147298674896642
405,1,464.843,0.027325456229272557
405,1,465.835,0.043363349988002765
405,1,469.305,0.0054146213148565095
405,1,469.8,-0.013517941503092974
405,1,470.295,-0.00026746897245571506
405,1,472.769,-0.02065066614670867
405,1,474.252,-0.0068850621920218255
405,1,476.228,0.023428583841092327
405,1,476.721,-0.015960258368322405
405,1,478.695,0.014331913988683926
405,1,481.652,0.0038045692643028984
405,1,483.621,-0.04707311169289231
405,1,487.063,-0.08281639315983359
405,1,489.027,-0.08381377116715094
405,1,489.518,-0.02408619073791226
405,1,490.008,-0.06162219771144419
405,1,490.499,-0.06716244663102841
405,1,490.989,-0.0754678598269785
405,1,491.48,-0.04853108590377864
405,1,491.97,-0.10845212318169713
405,1,492.46,-0.013432160477974034
405,1,493.93,-0.016423557652056952
405,1,494.419,-0.10645027470956911
405,1,495.888,-0.030762689145572123
405,1,496.377,0.0401041667629103
405,1,496.866,-0.01388267917807287
405,1,498.821,-0.2408219547701745
405,1,499.31,-0.3004347144790481
405,1,499.798,-0.06535650479418122
405,1,500.287,-0.23300638427934578
405,1,500.775,0.10675921431217812
405,1,501.263,-0.13808716283494776
405,1,501.751,-0.15584897860244923
405,1,502.239,-0.13469878579779182
405,1,502.727,-0.268072163384081
405,1,503.215,-0.1921704755728363
405,1,503.702,-0.025165006131475973
405,1,504.19,-0.5327703010139352
405,1,505.164,0.17464193374608894
405,1,505.651,-0.11372639059594357
405,1,506.139,-0.2492480226188084
405,1,507.112,-0.11146070620531863
405,1,508.086,-0.16043320333012612
405,1,509.545,-0.18817899821340722
405,1,510.517,-0.048391491419179145
405,1,511.003,-0.10962140828360299
405,1,511.489,-0.042582892958505134
405,1,512.46,-0.09620613669905428
405,1,512.946,-0.0679887349706662
405,1,513.916,-0.03112639349257213
405,1,514.401,-0.041961575887540105
405,1,514.887,-0.037568811362804024
405,1,516.826,-0.03309833758374377
405,1,517.31,-0.046678577753557805
405,1,517.795,-0.03443557114548089
405,1,520.699,-0.02638962175472817
405,1,521.182,-0.02700329915597386
405,1,522.149,-0.03138170354373913
405,1,524.565,-0.024322312886858228
405,1,525.048,-0.021784174958530512
405,1,525.53,-0.028629071803489878
405,1,526.495,-0.020774209280216727
405,1,526.978,-0.03360142953632422
405,1,527.46,-0.020407175727304463
405,1,527.942,-0.04297856969413973
405,1,528.906,-0.03691259666916403
405,1,530.351,-0.03215886677616771
405,1,530.833,-0.022369702280687458
405,1,531.314,-0.027125034177969312
405,1,531.795,-0.040614765341454716
405,1,532.758,-0.01454258376185966
405,1,533.238,-0.03620824956075982
405,1,535.161,-0.029657558506149678
405,1,536.122,-0.04289982633350731
405,1,536.602,-0.024142356038777565
405,1,537.082,-0.017896701021803813
405,1,538.042,-0.018451106507756318
405,1,541.877,-0.020216363197384464
405,1,542.356,-0.03092075060205669
405,1,542.835,-0.030820819431360835
405,1,544.749,-0.01746862159692685
405,1,545.705,-0.009873421287446553
405,1,548.571,-0.018406175002398332
405,1,550.48,-0.025239031176687146
405,1,551.434,-0.02001382267256799
405,1,551.911,-0.018158505429768334
405,1,552.387,-0.023958087992050354
405,1,555.245,-0.024147667169849226
405,1,556.672,-0.010707918341726224
405,1,558.099,-0.010566499931500202
405,1,558.574,-0.012075696029554198
405,1,559.049,-0.030351511885056165
405,1,560.948,-0.022245608876811127
405,1,561.423,-0.008945456104863104
405,1,567.11,-0.0161670041978105
405,1,572.309,-0.01692065702699014
405,1,575.14,-0.008697354385574264
405,1,580.319,-0.011130922316723866
405,1,581.73,-0.008015501860350422
405,1,582.2,-0.021628527072927634
405,1,585.955,0.009861821878792297
405,1,589.236,-0.006511070784826058
405,1,591.108,-0.0004250780900593365
405,1,594.38,-0.020548712762409625
405,1,596.248,-0.02469540135900174
405,1,596.715,-0.023539105203861134
405,1,597.181,-0.02174671597363118
405,1,598.114,-0.013674892799628252
405,1,598.58,-0.03174634267724071
405,1,599.046,-0.01817739897376308
405,1,600.444,-0.028303647175526057
405,1,602.771,-0.029559991438207367
405,1,608.81,0.003670245191569765
405,1,610.202,0.022124174501235456
405,1,610.665,0.005081274472773255
405,1,614.832,0.02161199940934658
405,1,615.294,0.010704616562045651
405,1,615.757,0.019695085668206505
405,1,617.605,0.03289099473114832
405,1,618.067,0.018646000188760732
405,1,619.913,0.016124188837334522
405,1,620.836,0.043291254642690735
405,1,621.297,0.05375852594635027
405,1,621.758,0.03513343652936367
405,1,622.219,0.031070460354314766
405,1,622.68,0.028465226131916706
405,1,623.14,0.027401984932157068
405,1,623.601,0.03438197506716563
405,1,624.061,0.04331707334583149
405,1,624.982,0.05647638234850315
405,1,625.442,0.05761366212701261
405,1,625.902,0.06169833180106587
405,1,626.362,0.04492711136039258
405,1,626.822,0.030037911852936933
405,1,627.282,0.062391503449883104
405,1,628.201,0.05184607677057674
405,1,628.661,0.051953852321311646
405,1,629.12,0.07025078408598676
405,1,629.579,0.030189916641304018
405,1,630.497,0.06584789897022333
405,1,630.956,0.039926782971236044
405,1,631.415,0.015647557200097507
405,1,632.332,0.03495879856627009
405,1,632.791,0.029883205847563623
405,1,633.708,0.06745754942581135
405,1,634.166,0.026095133060606117
405,1,634.624,0.028450885610706616
405,1,635.54,0.05879743847373544
405,1,636.455,0.03976795246944958
405,1,638.285,0.0013914907198962613
405,1,640.113,0.015504382882704393
405,1,642.396,0.020495756712517868
405,1,643.765,-0.07032503201676642
405,1,644.221,-0.04727935503016198
405,1,644.676,-0.08142772014649562
405,1,645.132,-0.07562158875257871
405,1,645.588,-0.050123605907303255
405,1,646.043,-0.12412770550086254
405,1,646.499,-0.0880119928272765
405,1,646.954,-0.10948829059826
405,1,647.409,-0.07400916140949969
405,1,648.319,-0.09910202473288565
405,1,649.229,-0.10297261477238401
405,1,649.684,-0.1283473911008479
405,1,650.139,-0.07027690252642961
405,1,650.593,-0.09512568275024523
405,1,651.047,-0.06980248989827996
405,1,651.502,-0.08572542601911945
405,1,651.956,-0.06709579424006476
405,1,652.41,-0.06523160732400747
405,1,655.133,-0.049892933544658714
405,1,656.946,-0.05725349465831835
405,1,657.851,0.013832325111594202
405,1,658.757,0.034448485543799874
405,1,660.567,0.04723729260463302
405,1,661.923,0.0075378275124378625
405,1,662.375,0.02876794156843892
405,1,663.278,0.010243088287023111
405,1,664.181,0.01387157517228647
405,1,665.084,0.04683968176809476
405,1,665.535,0.02980692937386395
405,1,665.986,0.008148252907508405
405,1,666.888,-0.0017046233002564778
405,1,667.338,0.0022538094960868563
405,1,667.789,0.028086366018283748
405,1,670.041,0.021194330555069956
405,1,672.29,-0.00446351416037355
405,1,673.189,0.011744863743423324
405,1,673.638,0.005730858618560392
405,1,675.883,0.005139864749517889
405,1,676.781,0.012257047219278798
405,1,678.126,0.012907800159891118
405,1,679.022,0.01632322932350745
405,1,679.918,0.013463453624016354
405,1,681.709,0.019467470207424262
405,1,682.156,0.016012644141396807
405,1,682.604,0.030909072130814612
405,1,683.051,0.020176714602065673
405,1,684.392,0.02537723462415148
405,1,684.839,0.06215290475924371
405,1,686.179,0.0860169924304451
405,1,686.625,0.06677688208706732
405,1,687.071,0.062011360120459415
405,1,687.518,0.11579362826602572
405,1,687.964,0.10656546050483913
405,1,688.41,0.11431062451158083
405,1,688.856,0.11427090995204962
405,1,689.301,0.13296704207818155
405,1,689.747,0.08432234874914274
405,1,690.193,0.10103062122830576
405,1,690.638,0.057062377101373185
405,1,691.084,0.05822602609424532
405,1,691.529,0.06783642352088595
405,1,691.974,0.08358650244423083
405,1,692.419,0.0708077264648973
405,1,692.864,0.08310365435839674
405,1,694.643,0.03506422640351808
405,1,695.088,0.039391391380902634
405,1,695.532,0.034809354971529476
405,1,695.977,0.034316140671311085
405,1,696.421,0.02902198910613583
405,1,696.865,0.024235080225592665
405,1,697.309,0.02281296722773276
405,1,697.753,0.013900451496475246
405,1,698.197,0.028530859431279202
405,1,699.084,0.02389334305026351
405,1,700.857,0.021170518489195
405,1,706.61,0.018533200027006716
405,1,707.935,0.007823264708948159
405,1,708.818,0.021018658925562744
405,1,710.142,0.023519696039531225
405,1,712.787,-0.016409798241146873
405,1,715.428,0.02626996962633076
405,1,718.065,0.03479639522696402
405,1,719.383,0.03228172386195716
405,1,719.822,-0.0010015953658019804
405,1,721.138,-0.07003868629102242
405,1,722.892,-0.027918624142633474
405,1,723.768,0.044065071541699447
405,1,724.206,0.016226395436481352
405,1,725.081,0.008834773977891125
405,1,727.706,-0.06914502264545559
405,1,729.017,-0.10545139815428514
405,1,729.89,0.05822232228971071
405,1,730.764,0.04419844720177724
405,1,731.2,-0.08756146612010975
405,1,732.072,0.08616406371175961
405,1,732.509,0.08724586540083765
405,1,733.38,-0.10328926049071786
405,1,733.816,0.05858561125436686
405,1,734.688,0.010400709504311994
405,1,735.559,0.10547860068547028
405,1,735.994,0.03177331935232738
405,1,736.429,0.05011583865981806
405,1,736.864,0.11951900561000371
405,1,737.734,0.21893632825527187
405,1,738.169,-0.07199972011686734
405,1,738.604,0.029268978795164442
405,1,740.776,0.09861509076554911
405,1,741.21,0.059082573373487934
405,1,741.644,0.1595189978718968
405,1,742.078,0.16724069390821675
405,1,742.512,-0.024557580952832895
405,1,742.946,0.15946505279683876
405,1,743.379,0.010377528956920365
405,1,744.246,-0.09198670216237596
405,1,744.68,0.0052670480735607945
405,1,745.113,-0.1452706004920849
405,1,745.546,0.01470176114290511
405,1,745.979,0.07620738814960709
405,1,746.845,-0.01429340293906847
405,1,747.278,0.05968705198060541
405,1,748.576,0.08098561750919502
405,1,749.008,0.18847160402570753
405,1,750.305,0.13658753463051115
405,1,750.737,0.010185248113233696
405,1,751.169,-0.1863094956367526
405,1,751.601,0.012172779590188388
405,1,752.464,-0.16710848082038943
405,1,752.896,-0.231845973698315
405,1,753.327,-0.08256456772020852
405,1,753.758,-0.12196455342729615
405,1,754.19,0.008643780641729985
405,1,754.621,-0.16224202118990605
405,1,755.052,-0.13467929521313243
405,1,755.483,0.06802888019464715
405,1,755.914,0.1466042905948548
405,1,756.344,0.022971922415031393
405,1,756.775,0.14792918756367168
405,1,757.206,0.037609789693577846
405,1,757.636,0.06741074136082868
405,1,758.066,0.026817170906205456
405,1,758.497,0.0711071549274645
405,1,758.927,0.22239927078941982
405,1,759.787,0.05169639951269231
405,1,760.647,0.018436188372101724
405,1,761.076,-0.1701657951352588
405,1,761.506,-0.08394780099145722
405,1,762.365,0.09497463539454168
405,1,763.223,0.2007639481269665
405,1,763.653,0.08643514104450817
405,1,764.082,-0.14734985264163242
405,1,764.51,0.07979594722452604
405,1,765.368,-0.004295980142166904
405,1,765.797,-0.0008855664748436584
405,1,766.225,0.09984395961639156
405,1,766.654,-0.07706723847606371
405,1,767.082,-0.11134742329863254
405,1,767.938,-0.11506417541245671
405,1,768.367,-0.14366202994525815
405,1,768.795,-0.1945434270677298
405,1,769.222,0.12505122365481275
405,1,769.65,0.11693303940425295
405,1,770.078,-0.0789114927147477
405,1,770.933,-0.025580166527407595
405,1,771.36,0.16054679745576667
405,1,773.069,0.05322468870998818
405,1,773.496,-0.12823965335613277
405,1,773.923,-0.08242435282033277
405,1,774.349,-0.08156524854881574
405,1,774.776,-0.09418056041439168
405,1,775.203,-0.12100420354991968
405,1,775.629,0.023632842136275693
405,1,776.055,-0.1587247683916227
405,1,776.482,-0.10410315191455662
405,1,776.908,-0.1571079191790103
405,1,777.334,-0.07876274885179581
405,1,778.186,0.0188588807484152
405,1,778.611,0.06750433198997545
405,1,779.037,0.033885494671518475
405,1,780.314,-0.13170886953910926
405,1,781.589,-0.07388666679957541
405,1,782.864,0.05282410729867704
405,1,783.289,0.0015825025759829419
405,1,783.713,-0.037457297723202346
405,1,784.138,-0.039315395098633965
405,1,784.562,-0.12160946589357849
405,1,784.987,-0.07499408562799521
405,1,785.835,-0.16876826704304473
405,1,786.259,-0.11717640453164198
405,1,787.107,-0.048125618763817546
405,1,787.531,-0.06409500912193063
405,1,788.378,-0.024475834980721305
405,1,788.802,0.02481032932443107
405,1,789.225,-0.08892659044870181
405,1,790.071,-0.2142747530843835
405,1,792.609,-0.02919771472858091
405,1,793.454,-0.06786814566029507
405,1,794.298,-0.03397793577036421
405,1,795.143,0.09957472790154097
405,1,795.565,-0.14768487715630185
405,1,795.986,-0.06812287329689841
405,1,796.408,-0.08515473859134035
405,1,797.673,0.1027247429733451
405,1,798.094,0.06447313250493603
405,1,798.516,0.07173586432028449
405,1,798.937,0.08420137499344564
405,1,799.358,-0.13026821357370338
405,1,799.779,-0.0822681871124602
405,1,801.462,0.01023646424133338
405,1,801.883,-0.03689957271735449
405,1,802.303,-0.0942945896985195
405,1,803.144,-0.08306914187603519
405,1,803.564,-0.018824768393779393
405,1,803.984,0.07025067774339218
405,1,804.824,0.046008789662918444
405,1,805.664,0.07824754171560308
405,1,807.761,-0.08331115168171334
405,1,808.18,-0.04717229747434671
405,1,808.599,-0.1072392115286479
405,1,810.693,-0.06824229910635354
405,1,811.949,-0.018486094609643875
405,1,813.203,0.05240586626899392
405,1,814.457,-0.02441838997933879
405,1,816.544,0.027831559439896836
405,1,817.378,0.15857996366584834
405,1,817.795,0.020962888092867508
405,1,818.629,0.10556458121439238
405,1,819.462,-0.08960406874607035
405,1,819.879,-0.07668022715899298
405,1,820.295,-0.05823181102837232
405,1,820.712,-0.056466230924514325
405,1,821.128,-0.08265749103012648
405,1,822.792,-0.024766631896101045
405,1,823.208,0.016854840902959495
405,1,823.624,0.0625186426612621
405,1,824.87,-0.09777817024731719
405,1,825.286,0.01973091220477923
405,1,825.701,0.04151414134634577
405,1,826.116,-0.10054368546262393
405,1,826.531,0.034634544299134595
405,1,827.361,-0.07268155802032109
405,1,828.605,-0.07729064493185414
405,1,829.02,-0.032905283582329
405,1,829.434,0.01763700859808366
405,1,829.848,-0.019776997982385695
405,1,830.677,-0.03635990112902876
405,1,831.505,-0.07717090503779475
405,1,832.332,0.04157577012293735
405,1,833.573,-0.0432268270580758
405,1,833.987,0.06487500214500137
405,1,834.4,-0.01967649910374031
405,1,834.813,-0.09896447254538339
405,1,835.226,-0.04121437747324768
405,1,836.052,-0.07730508261865553
405,1,836.465,-0.01995778476552862
405,1,836.878,-0.011951726486705649
405,1,837.29,-0.060808979761819905
405,1,837.703,-0.04322310057502739
405,1,838.94,0.04145134097554893
405,1,839.352,-0.025734532643589523
405,1,839.765,-0.022383471159063247
405,1,841.0,-0.10201313621797477
405,1,844.292,0.02386028731815801
405,1,844.703,0.06395244094893084
405,1,845.935,-0.005385246331982066
405,1,846.757,-0.04836891772059589
405,1,847.167,-0.07813554758903059
405,1,847.988,-0.04793839545235382
405,1,848.398,-0.04479198274796777
405,1,848.808,-0.015941669031891776
405,1,850.448,-0.04168456085248105
405,1,850.857,0.028990134949052872
405,1,852.086,0.004523789213867088
405,1,852.495,-0.0525286883447717
405,1,853.313,-0.08801091751559158
405,1,854.131,0.01987480154951628
405,1,854.54,-0.07124004130709177
405,1,854.949,-0.11549082172773288
405,1,855.357,-0.042088703152876994
405,1,855.766,-0.036661424753363855
405,1,856.174,-0.08326897383635017
405,1,856.583,-0.04658999072438825
405,1,856.991,-0.06526939249738523
405,1,857.807,-0.04371738071122025
405,1,858.623,0.11499051313698253
405,1,859.031,-0.04821841521522373
405,1,859.439,0.05702246042724241
405,1,859.846,-0.024057324215541662
405,1,860.254,-0.0481644749833029
405,1,860.661,0.09869797583484799
405,1,861.476,-0.018467955438288268
405,1,861.883,-0.03675606841496924
405,1,862.29,-0.10070746058634836
405,1,863.104,-0.05172862544316578
405,1,863.918,-0.040833183655245076
405,1,864.325,-0.02872128104815716
405,1,865.138,-0.12461916757686825
405,1,865.544,-0.08940390096580052
405,1,866.357,-0.046215634418034696
405,1,866.763,0.030078210843570118
405,1,868.792,-0.035695061497637404
405,1,870.819,-0.07660113655826915
405,1,871.629,-0.05577729445944436
405,1,872.034,-0.02850804509666582
405,1,874.866,0.012215656380785738
405,1,875.27,-0.01572364666482546
405,1,875.674,0.07670323584759711
405,1,876.886,-0.0393285947046017
405,1,877.29,-0.010604996136921204
405,1,878.097,-0.057851383541853464
405,1,878.501,-0.0888049290742576
405,1,878.904,-0.04541152437738121
405,1,879.711,-0.04750051062983685
405,1,880.92,0.06262087131202076
405,1,881.726,0.052377561121346235
405,1,883.336,0.06136208470656421
405,1,884.945,0.0026196279898008366
405,1,885.347,-0.025026433675061393
405,1,887.757,-0.029189966970120898
405,1,890.164,0.0797163493474137
405,1,891.366,0.05749032306802014
405,1,892.968,0.014119874024708415
405,1,893.368,-0.015885265217789338
405,1,893.768,-0.005309398459802248
405,1,894.168,-0.02301886192957648
405,1,894.968,-0.039679231809210534
405,1,895.368,-0.03650766869152687
405,1,899.759,0.04678667517391079
405,1,900.158,-0.03116122507732491
405,1,900.557,0.021823319131859743
405,1,901.752,-0.05284696798829976
405,1,902.15,-0.08670386262867964
405,1,903.345,0.057251820146841624
405,1,903.742,-0.04148256959844702
405,1,904.14,0.06928598114768557
405,1,905.333,-0.058363167149348416
405,1,905.731,-0.006070936723452522
405,1,906.525,0.04548081512569032
405,1,907.32,0.053159939419861794
405,1,907.717,0.06998418148036101
405,1,908.511,-0.028906919698012894
405,1,908.907,0.12969326664399575
405,1,909.701,0.005033571151498688
405,1,910.097,0.054541045918905545
405,1,911.286,-0.020765317314244986
405,1,912.474,0.10733009157374951
405,1,913.266,0.019447245640252617
405,1,914.058,-0.02391121906071053
405,1,914.849,-0.019642335880901057
405,1,915.244,-0.029450375185203038
405,1,915.639,0.05443719701244111
405,1,916.034,-0.05143952508689403
405,1,916.43,0.045259574004496976
405,1,917.614,0.06744194213697714
405,1,918.009,0.07238113975166467
405,1,918.404,-0.03461732513330915
405,1,918.798,-0.04882169189027293
405,1,920.77,-0.00825440304524669
405,1,921.558,-0.022140496674672737
405,1,922.74,-0.010666598173920643
405,1,923.527,0.04511073422182305
405,1,923.92,-0.015170227376746217
405,1,925.493,0.10965014735837449
405,1,926.672,0.11088251180943333
405,1,927.85,-0.06224288338477214
405,1,928.635,0.09055623390214776
405,1,930.204,0.13765531935631073
405,1,930.988,0.09917628967856987
405,1,933.337,0.0747365704492749
405,1,933.729,0.12660302777681315
405,1,936.075,0.13902801386227973
405,1,936.465,0.09552053858708925
405,1,936.856,0.0780000183060271
405,1,937.246,0.14207458786967062
405,1,938.027,0.10537685330615275
405,1,938.417,0.03106815594331154
405,1,939.588,0.16253404265727955
405,1,939.978,0.12350032631883419
405,1,940.368,0.04339071251302221
405,1,940.757,0.09354313708937421
405,1,941.147,0.21164578398862782
405,1,941.537,0.20042662873113742
405,1,941.926,0.19197570962990157
405,1,942.315,0.23188368521086164
405,1,943.094,0.07980166703838958
405,1,943.483,0.09560388159291357
405,1,943.872,0.05650103140138085
405,1,944.261,0.11398004539196835
405,1,944.65,0.08689138543537192
405,1,945.039,0.16586362080388342
405,1,945.428,0.2107666751167497
405,1,946.205,0.15964036244349097
405,1,946.593,0.14924146311963826
405,1,946.982,0.23387468587121513
405,1,947.37,0.18828742420641328
405,1,947.758,0.17895534193655668
405,1,948.146,0.15779737056498508
405,1,948.922,0.11456348975215713
405,1,949.31,0.07833562420048401
405,1,949.698,0.24838374762192877
405,2,451.403,0.04472824979191892
405,2,452.9,0.06477686823047353
405,2,457.386,0.04040686365064834
405,2,458.382,0.05182244011095314
405,2,462.857,0.06343974984765557
405,2,465.835,0.05368890493299849
405,2,469.8,-0.015112588757614457
405,2,472.769,-0.023492174976289457
405,2,483.621,-0.05508860070287799
405,2,489.027,-0.0989468880015478
405,2,490.008,-0.07213090102368236
405,2,490.499,-0.07876261307343779
405,2,490.989,-0.08880683959667439
405,2,491.48,-0.055908223826850775
405,2,491.97,-0.12839198705112234
405,2,494.419,-0.12550885894922892
405,2,495.888,-0.03334831842448758
405,2,496.377,0.05287007562254174
405,2,496.866,-0.012251829604357419
405,2,498.821,-0.2853061620379495
405,2,499.31,-0.3563679273842889
405,2,499.798,-0.07283193897607418
405,2,500.287,-0.2736564691792612
405,2,500.775,0.13736020652082503
405,2,501.263,-0.15841695354537227
405,2,501.751,-0.17944764405634506
405,2,502.239,-0.15359761274380615
405,2,502.727,-0.31527077988834745
405,2,503.215,-0.222963715690587
405,2,504.19,-0.6363466713213068
405,2,505.164,0.21714954594919245
405,2,505.651,-0.1314547107202498
405,2,506.139,-0.2958114872969917
405,2,507.112,-0.13089109057685652
405,2,508.086,-0.19155344207964412
405,2,509.545,-0.22623452031342103
405,2,511.003,-0.1317555496662908
405,2,511.489,-0.05122844526856972
405,2,512.46,-0.11579445783040666
405,2,514.401,-0.050684041464777445
405,2,514.887,-0.045474395729836144
405,2,516.826,-0.040180403071342304
405,2,517.795,-0.041794955555395565
405,2,520.699,-0.03207148659465608
405,2,521.182,-0.03274637262640476
405,2,525.048,-0.026422161019231116
405,2,525.53,-0.034713736453688186
405,2,526.978,-0.04063538019559101
405,2,527.942,-0.051902584261136815
405,2,528.906,-0.04463273484097923
405,2,530.351,-0.03888706688867946
405,2,530.833,-0.02704330836872213
405,2,531.314,-0.03274385839533658
405,2,533.238,-0.04370114618553502
405,2,536.122,-0.05177476245421084
405,2,536.602,-0.029124038119516624
405,2,538.042,-0.022265179073045364
405,2,542.356,-0.03729138625191085
405,2,555.245,-0.029161668211888526
405,2,558.099,-0.012707469105590376
405,2,561.423,-0.01083556161718203
405,2,575.14,-0.010820193126651651
405,2,580.319,-0.01387588569166737
405,2,596.248,-0.030701443500071316
405,2,596.715,-0.02926279941685453
405,2,598.58,-0.0392709976530029
405,2,599.046,-0.022825944823855658
405,2,615.294,0.01174240646253808
405,2,615.757,0.02254804198427747
405,2,617.605,0.03843389683991069
405,2,619.913,0.018108847968400992
405,2,620.836,0.050879747826735294
405,2,621.297,0.06351548479467134
405,2,621.758,0.04095645971745025
405,2,622.219,0.036088249294490504
405,2,623.14,0.03158469748707335
405,2,623.601,0.039983200262445145
405,2,624.061,0.05088603344335137
405,2,624.982,0.06675070297595923
405,2,625.442,0.06794818715998066
405,2,625.902,0.07285796532884324
405,2,626.362,0.05281722824316484
405,2,626.822,0.03470297480484591
405,2,627.282,0.07379357788754096
405,2,628.201,0.061043507757900795
405,2,628.661,0.0611026459840177
405,2,629.12,0.08319288406845984
405,2,630.497,0.0778110148034461
405,2,632.332,0.040511716711959425
405,2,632.791,0.034291772141460036
405,2,633.708,0.079686542822913
405,2,634.166,0.02958681262678164
405,2,635.54,0.06901356420546514
405,2,636.455,0.04597228475371744
405,2,642.396,0.022373922085157177
405,2,643.765,-0.0874266890007434
405,2,644.221,-0.05949261906377927
405,2,644.676,-0.10067940459077783
405,2,645.132,-0.09378462309645685
405,2,646.499,-0.10888906801216512
405,2,646.954,-0.13441517591669722
405,2,648.319,-0.1217978281256893
405,2,649.229,-0.12656854828403136
405,2,649.684,-0.15716196464860233
405,2,650.593,-0.11683820104381497
405,2,655.133,-0.06195318755514741
405,2,657.851,0.01534176194607556
405,2,658.757,0.04052725063227384
405,2,660.567,0.056225873297107355
405,2,662.375,0.03420835926210597
405,2,663.278,0.012024484979229737
405,2,664.181,0.016510139690463003
405,2,665.535,0.035806350314491746
405,2,665.986,0.009570097971068241
405,2,666.888,-0.002263316875709163
405,2,667.338,0.002448743869923786
405,2,667.789,0.03365226692852996
405,2,670.041,0.025296718898509967
405,2,672.29,-0.005832655299512486
405,2,673.189,0.013672244151669139
405,2,676.781,0.013917694884167333
405,2,678.126,0.014542104056545865
405,2,679.918,0.014990551201693217
405,2,684.392,0.028023069304785063
405,2,684.839,0.07229440800224221
405,2,686.179,0.10021667573861465
405,2,686.625,0.07660661836105977
405,2,687.071,0.07048949904423689
405,2,687.518,0.13516382139821595
405,2,687.964,0.12366891067938918
405,2,688.41,0.13301925297522854
405,2,688.856,0.13240981045504488
405,2,689.301,0.15543798802508788
405,2,689.747,0.09685888174674362
405,2,690.193,0.11741283616234624
405,2,690.638,0.06464924009950451
405,2,691.084,0.0666743798822634
405,2,691.529,0.07825341249737533
405,2,691.974,0.09770677414554683
405,2,692.419,0.08248587959441853
405,2,692.864,0.09762929333067598
405,2,695.088,0.0454293835245146
405,2,695.532,0.0400230821920691
405,2,695.977,0.03951011756625719
405,2,696.421,0.03321593842314063
405,2,696.865,0.027379208655239236
405,2,700.857,0.024068684662599083
405,2,706.61,0.021256301032408522
405,2,708.818,0.02428357378388542
405,2,712.787,-0.020739190565018766
405,2,715.428,0.03116708097692007
405,2,719.383,0.0390359233702005
405,2,721.138,-0.08415406587473749
405,2,722.892,-0.03253736493820565
405,2,727.706,-0.08053752461292014
405,2,729.017,-0.12336488567978882
405,2,729.89,0.07458468998199297
405,2,730.764,0.05812440481341408
405,2,731.2,-0.10043348900379406
405,2,732.072,0.10962321619472262
405,2,732.509,0.11144139791202484
405,2,733.38,-0.11813905822050193
405,2,733.816,0.07724192840822285
405,2,735.559,0.1357537570108434
405,2,736.864,0.15289020694056277
405,2,737.734,0.2733073653449399
405,2,738.604,0.04469662943240442
405,2,740.776,0.1301867149766837
405,2,741.21,0.08230536953071449
405,2,741.644,0.2035924491574768
405,2,742.078,0.21299235360031835
405,2,742.946,0.20404683114272115
405,2,743.379,0.02493279745842729
405,2,744.246,-0.09918673775983176
405,2,744.68,0.018648815446054956
405,2,745.113,-0.16308109335853635
405,2,745.546,0.029501261404023513
405,2,745.979,0.10399556707174253
405,2,747.278,0.08393229019535195
405,2,748.576,0.10977286770614988
405,2,749.008,0.23831157469252895
405,2,750.305,0.1765432558140299
405,2,750.737,0.024079420293147462
405,2,751.169,-0.2129723053828255
405,2,751.601,0.025781449796639603
405,2,752.464,-0.19073829216642132
405,2,752.896,-0.26862279462947414
405,2,753.327,-0.08841149381637761
405,2,753.758,-0.1360863296454182
405,2,754.19,0.021624446076455812
405,2,755.052,-0.15261474438895542
405,2,755.483,0.09210690889800377
405,2,755.914,0.1866522935269052
405,2,756.344,0.03732734443154708
405,2,756.775,0.18843145449792784
405,2,757.206,0.05502471934515828
405,2,757.636,0.09089636202021979
405,2,758.066,0.04181297843573978
405,2,758.497,0.09427834276978131
405,2,758.927,0.27758479670947594
405,2,759.787,0.07104792421077943
405,2,760.647,0.03059157160698972
405,2,761.076,-0.19725075415790927
405,2,762.365,0.12270512618987368
405,2,763.223,0.2494518334992884
405,2,763.653,0.11217148043780266
405,2,764.082,-0.17117842443092168
405,2,764.51,0.10353787397077363
405,2,765.368,0.0015137991653554183
405,2,766.225,0.1272520137166084
405,2,767.938,-0.13274787005118033
405,2,768.367,-0.16677219422843478
405,2,768.795,-0.22837274174918332
405,2,769.222,0.1569146226191189
405,2,769.65,0.14759987014457687
405,2,770.078,-0.08932392835987203
405,2,770.933,-0.025159917121648383
405,2,771.36,0.19931827630726248
405,2,773.069,0.06940760957664448
405,2,773.496,-0.14991086479432297
405,2,774.349,-0.0937012262627458
405,2,774.776,-0.10854614519662238
405,2,775.203,-0.14140083030781067
405,2,775.629,0.0335394712810247
405,2,776.055,-0.1872398104833753
405,2,776.482,-0.12100345327713154
405,2,776.908,-0.1852088404223078
405,2,777.334,-0.09105784457779122
405,2,778.186,0.027372223849752065
405,2,778.611,0.08613159700988401
405,2,780.314,-0.15521496796739895
405,2,781.589,-0.08543684663864502
405,2,782.864,0.06763515863043426
405,2,783.713,-0.0418857231136514
405,2,784.562,-0.143220618415607
405,2,784.987,-0.08718407427156558
405,2,785.835,-0.2003546994086517
405,2,787.107,-0.05493043206382271
405,2,788.378,-0.0261773371805903
405,2,788.802,0.03290806151030361
405,2,789.225,-0.10407349121048012
405,2,790.071,-0.25623308909786163
405,2,793.454,-0.07943989167708049
405,2,795.143,0.12274123704519332
405,2,795.565,-0.17598225189462066
405,2,795.986,-0.08027727192227985
405,2,796.408,-0.10072425692978278
405,2,797.673,0.12616822425906135
405,2,798.516,0.08876193386767171
405,2,798.937,0.10368181924613638
405,2,799.358,-0.1553644324540583
405,2,799.779,-0.09716052359524217
405,2,803.564,-0.020795598845766393
405,2,803.984,0.0869141915824761
405,2,804.824,0.05730126883188787
405,2,805.664,0.09630835931032854
405,2,808.599,-0.12793382568875625
405,2,810.693,-0.08086471320021481
405,2,811.949,-0.020453512036996236
405,2,813.203,0.06491611878284158
405,2,814.457,-0.028043157232280472
405,2,816.544,0.03488497437775865
405,2,817.378,0.1930404611216668
405,2,818.629,0.12888851617736502
405,2,819.462,-0.10726225652364277
405,2,819.879,-0.09139137804375143
405,2,820.295,-0.069473302098679
405,2,820.712,-0.06715242277444945
405,2,821.128,-0.0987927466628052
405,2,823.624,0.07651508307038629
405,2,824.87,-0.11735298456172405
405,2,825.701,0.05095583282568355
405,2,826.116,-0.12088871594042681
405,2,826.531,0.04275038429062016
405,2,827.361,-0.08729479853866569
405,2,829.02,-0.03905083102591467
405,2,829.434,0.021834590882406284
405,2,829.848,-0.023089275953405285
405,2,833.573,-0.05183219186317357
405,2,833.987,0.07886061800018426
405,2,834.4,-0.023178686066393846
405,2,834.813,-0.11928262882101905
405,2,836.052,-0.09306699540020986
405,2,836.878,-0.014111121943967872
405,2,837.29,-0.07319454094868168
405,2,837.703,-0.05183051534729751
405,2,838.94,0.05015497064769809
405,2,839.765,-0.02697046476832547
405,2,841.0,-0.12311928611015029
405,2,844.292,0.02883372748281307
405,2,844.703,0.07741827601599573
405,2,848.398,-0.05400978091222861
405,2,850.448,-0.05041566863860015
405,2,850.857,0.03494143145941908
405,2,852.495,-0.063538967464122
405,2,854.54,-0.08621542354925205
405,2,854.949,-0.139832319516293
405,2,855.357,-0.05117675061573943
405,2,855.766,-0.04448706425862884
405,2,856.174,-0.1007929142428382
405,2,856.991,-0.07904741685282189
405,2,857.807,-0.052952787316919166
405,2,858.623,0.13853316604031193
405,2,859.439,0.06868475854941385
405,2,860.254,-0.05832529981730684
405,2,860.661,0.11890450910476855
405,2,861.476,-0.02267124867514508
405,2,861.883,-0.04475857547195379
405,2,862.29,-0.12207627061750279
405,2,863.104,-0.06292432706440138
405,2,863.918,-0.04980949928132842
405,2,864.325,-0.03508456897946486
405,2,865.138,-0.15096721851096204
405,2,866.357,-0.056343082692067205
405,2,868.792,-0.04351348646676838
405,2,871.629,-0.06781586808156063
405,2,875.27,-0.019577478127239204
405,2,875.674,0.09207562354893722
405,2,876.886,-0.0481603646091182
405,2,878.097,-0.07054343548150108
405,2,878.501,-0.10794748945661871
405,2,879.711,-0.05817035748706254
405,2,880.92,0.074896160866415
405,2,881.726,0.06255985348823644
405,2,883.336,0.07333730981420526
405,2,885.347,-0.03089878792240164
405,2,887.757,-0.03622086046262298
405,2,890.164,0.09555921873021166
405,2,893.768,-0.00737890608232325
405,2,894.968,-0.04876191647203477
405,2,895.368,-0.045077562822846105
405,2,900.158,-0.03853688056565074
405,2,901.752,-0.06490576530757003
405,2,902.15,-0.10576094899169912
405,2,903.742,-0.05118595557342421
405,2,904.14,0.08252955120088377
405,2,905.333,-0.0715599450536639
405,2,906.525,0.053848384393640286
405,2,907.32,0.06311107497819897
405,2,907.717,0.08331644475877788
405,2,908.511,-0.035956356916675765
405,2,908.907,0.15573357736996346
405,2,911.286,-0.026287080957657
405,2,912.474,0.12852814785403863
405,2,914.058,-0.03000989624420381
405,2,914.849,-0.024896050177440794
405,2,915.244,-0.03661764476064874
405,2,915.639,0.06469373032645713
405,2,916.034,-0.06336638045217512
405,2,917.614,0.08016624178770856
405,2,918.404,-0.04310723919082971
405,2,918.798,-0.06033510219635211
405,2,920.77,-0.011375727466425118
405,2,921.558,-0.02784780317358759
405,2,923.527,0.05309664694440186
405,2,923.92,-0.019681238133737983
405,2,925.493,0.1312166351928147
405,2,926.672,0.13264532143083532
405,2,927.85,-0.0765321167607607
405,2,928.635,0.10805159566620723
405,2,930.204,0.1648582027192933
405,2,930.988,0.11855665242162138
405,2,933.337,0.08884055215062354
405,2,933.729,0.1513967604777798
405,2,936.075,0.16641681417621582
405,2,936.465,0.11415976439140225
405,2,936.856,0.09302396837872477
405,2,937.246,0.17021742724084413
405,2,938.027,0.12600784820122543
405,2,938.417,0.035835110471691765
405,2,939.588,0.19487338642273438
405,2,939.978,0.1477790656056029
405,2,940.368,0.05068270293429576
405,2,941.147,0.25419233086089893
405,2,941.537,0.24080166461361124
405,2,941.926,0.23038566639880265
405,2,942.315,0.27867779602089077
405,2,943.483,0.11411668677276676
405,2,944.261,0.1359926193088475
405,2,944.65,0.1028225182804085
405,2,945.039,0.1988042827330428
405,2,945.428,0.2530052641472626
405,2,946.205,0.19129771948224966
405,2,946.593,0.17843367623100087
405,2,946.982,0.2807637174590445
405,2,947.37,0.22580651674066413
405,2,947.758,0.21450471545711913
405,2,948.146,0.18881634916764914
405,2,948.922,0.13612388511198206
405,2,949.31,0.09284965077803654
405,2,949.698,0.29824519869187277
405,3,451.403,0.04706081592282869
405,3,452.9,0.06780355778539716
405,3,457.386,0.04261160430417554
405,3,465.835,0.056532483335021845
405,3,472.769,-0.023701893481393937
405,3,489.027,-0.10161725895832933
405,3,490.008,-0.07308541845012424
405,3,490.499,-0.08042947223844575
405,3,490.989,-0.09051583508144297
405,3,491.48,-0.05583739007435149
405,3,491.97,-0.13187686392451736
405,3,494.419,-0.12807237709456093
405,3,495.888,-0.030433672120781206
405,3,496.377,0.06042038099106133
405,3,498.821,-0.2919146947810389
405,3,499.31,-0.3650570183889071
405,3,499.798,-0.06883666275181893
405,3,500.287,-0.2771149510080112
405,3,500.775,0.1539002081115522
405,3,501.263,-0.15477403392794334
405,3,501.751,-0.17723355641115401
405,3,502.239,-0.14976228315527573
405,3,502.727,-0.3199045465265823
405,3,503.215,-0.22334269951536706
405,3,504.19,-0.6567011633922023
405,3,505.164,0.2346106642404221
405,3,505.651,-0.13190641524349056
405,3,506.139,-0.30537886633293715
405,3,507.112,-0.13383717990321398
405,3,508.086,-0.1998928658594148
405,3,509.545,-0.23721608003996925
405,3,511.003,-0.13857443781958553
405,3,511.489,-0.05497340211030627
405,3,512.46,-0.12271981516090665
405,3,514.401,-0.055116641329999536
405,3,516.826,-0.04418084660770895
405,3,517.795,-0.046119692869441786
405,3,520.699,-0.03585645530823931
405,3,525.048,-0.030070621933566515
405,3,526.978,-0.044936854976843854
405,3,528.906,-0.04911447043410968
405,3,533.238,-0.04820501289745749
405,3,542.356,-0.04145009928459256
405,3,555.245,-0.03288443540969152
405,3,561.423,-0.013526689728246439
405,3,580.319,-0.016409853448478364
405,3,596.248,-0.03384050896188439
405,3,615.294,0.011821287345887372
405,3,617.605,0.04014596164992195
405,3,619.913,0.018903222596086434
405,3,620.836,0.05341217128166232
405,3,621.297,0.06665550018724631
405,3,623.14,0.03342576142851388
405,3,623.601,0.04208133128612168
405,3,624.061,0.05357338854714028
405,3,624.982,0.07030017913300037
405,3,625.442,0.07143381803667954
405,3,625.902,0.0766931443581035
405,3,626.362,0.055848198412529505
405,3,626.822,0.0367777127139135
405,3,627.282,0.07762443849672149
405,3,628.201,0.06449502587628948
405,3,628.661,0.0644179850651128
405,3,629.12,0.08768223117573701
405,3,630.497,0.08204997384475286
405,3,632.791,0.03664000852937872
405,3,633.708,0.08416608520717846
405,3,635.54,0.07317223860740478
405,3,636.455,0.04910516787030921
405,3,642.396,0.02683904174871826
405,3,643.765,-0.08755820215686093
405,3,644.676,-0.1005851756336797
405,3,645.132,-0.09325244136088513
405,3,646.499,-0.1079043790751715
405,3,646.954,-0.1344375807692172
405,3,648.319,-0.12001128404515984
405,3,649.229,-0.12476442642339935
405,3,649.684,-0.15667548205949583
405,3,650.593,-0.11409435818735421
405,3,657.851,0.02450247664198024
405,3,658.757,0.050821467687499636
405,3,662.375,0.042320485177526214
405,3,663.278,0.018766817675054604
405,3,664.181,0.02274848609060592
405,3,665.986,0.014469089821100881
405,3,670.041,0.029519956777819444
405,3,676.781,0.01614629711176308
405,3,679.918,0.01660944621683806
405,3,684.392,0.029977854897086226
405,3,684.839,0.07638064280977261
405,3,686.179,0.10583654437330726
405,3,686.625,0.08112221842458617
405,3,687.071,0.07487772126680467
405,3,687.518,0.1427243663059361
405,3,687.964,0.13052481297302398
405,3,688.41,0.14014102265059852
405,3,688.856,0.1391711701055484
405,3,689.301,0.16308289580303997
405,3,689.747,0.10134983451480256
405,3,690.193,0.12254897187050892
405,3,690.638,0.0672429980617422
405,3,691.084,0.06920659320645686
405,3,691.529,0.08091979562703669
405,3,691.974,0.10107364036480228
405,3,692.419,0.08499181375117029
405,3,692.864,0.1007870934448267
405,3,695.088,0.04561360984930854
405,3,695.532,0.03987326726430405
405,3,695.977,0.03919600833093696
405,3,696.421,0.032580714094163805
405,3,696.865,0.026375161411532472
405,3,700.857,0.022515511614778046
405,3,715.428,0.027794020222825087
405,3,719.383,0.035261805479568205
405,3,721.138,-0.09435860248485538
405,3,727.706,-0.09159200059605732
405,3,729.017,-0.13679765995409282
405,3,729.89,0.07110717500787005
405,3,730.764,0.053672998712933094
405,3,731.2,-0.11243758727245536
405,3,732.072,0.10817397228536099
405,3,732.509,0.11015330295350104
405,3,733.38,-0.13118685723148568
405,3,733.816,0.07389984942134024
405,3,735.559,0.13677071240277203
405,3,736.864,0.154387379971651
405,3,737.734,0.28191381132862836
405,3,738.604,0.04203041679966661
405,3,740.776,0.1331115909160529
405,3,741.21,0.08352655175859572
405,3,741.644,0.20994153273468327
405,3,742.078,0.22035304271566677
405,3,742.946,0.2116119376454998
405,3,743.379,0.02435295113525386
405,3,744.246,-0.10624172556727116
405,3,744.68,0.018250411835117858
405,3,745.113,-0.17154276372450547
405,3,745.546,0.031092667367032662
405,3,745.979,0.10846637868835504
405,3,747.278,0.08826564264702899
405,3,748.576,0.11545297071465133
405,3,749.008,0.25104160191732794
405,3,750.305,0.18681223088414006
405,3,750.737,0.027194050369345125
405,3,751.169,-0.2213769337190541
405,3,751.601,0.0294526031318092
405,3,752.464,-0.19751360820959085
405,3,752.896,-0.27798062423790765
405,3,753.327,-0.09054615910661581
405,3,753.758,-0.1396887253438747
405,3,755.052,-0.15654095104536347
405,3,755.483,0.10012651978914575
405,3,755.914,0.19883528795822572
405,3,756.344,0.04261458594476863
405,3,756.775,0.20139782738804585
405,3,757.636,0.09926456060772428
405,3,758.066,0.04800010065878743
405,3,758.497,0.10237861064826714
405,3,758.927,0.294642591727144
405,3,759.787,0.07838832438119017
405,3,760.647,0.03612477323493611
405,3,761.076,-0.202170672718898
405,3,762.365,0.13296186484653202
405,3,763.223,0.26611727613874886
405,3,763.653,0.12198655987627768
405,3,764.51,0.11248201827237071
405,3,766.225,0.13893308763419884
405,3,767.938,-0.13351632246066908
405,3,768.367,-0.1698102404201305
405,3,768.795,-0.23391089965697065
405,3,769.222,0.16916287882117784
405,3,769.65,0.15938752449006072
405,3,770.078,-0.08861270557767482
405,3,771.36,0.21352271434103443
405,3,773.069,0.07787939832737627
405,3,773.496,-0.15218471611207846
405,3,774.349,-0.09247196079296956
405,3,774.776,-0.10815738360416423
405,3,775.203,-0.1433679880462148
405,3,775.629,0.04030312577956756
405,3,776.055,-0.19064172596372578
405,3,776.482,-0.12124450244646703
405,3,776.908,-0.18886885472633427
405,3,777.334,-0.08948789401755053
405,3,778.186,0.03431398174110653
405,3,778.611,0.09514214825811869
405,3,781.589,-0.08430221517289624
405,3,782.864,0.07622350552721108
405,3,784.562,-0.14444169730779244
405,3,784.987,-0.0858551775808973
405,3,785.835,-0.20478816820206444
405,3,787.107,-0.05251409798392608
405,3,788.378,-0.022034409006466256
405,3,788.802,0.03971302719275641
405,3,789.225,-0.10374947173541565
405,3,790.071,-0.26308779190272047
405,3,793.454,-0.07790378183949875
405,3,795.143,0.13383814702164315
405,3,795.565,-0.17929422336047407
405,3,796.408,-0.10044709123083388
405,3,797.673,0.13741385501343986
405,3,798.516,0.09809642934051875
405,3,798.937,0.11339620138590988
405,3,799.358,-0.1577453285542387
405,3,799.779,-0.09692591552189851
405,3,803.984,0.09625893510889008
405,3,804.824,0.06509002167779793
405,3,805.664,0.1054131318668714
405,3,808.599,-0.12903691288931401
405,3,810.693,-0.07957661348625167
405,3,816.544,0.04183269592058563
405,3,817.378,0.20700457356336796
405,3,818.629,0.1398712272821598
405,3,819.462,-0.10754859177343153
405,3,819.879,-0.09048050839680234
405,3,820.295,-0.06789180196106138
405,3,820.712,-0.06552568911036223
405,3,821.128,-0.0987036195764242
405,3,823.624,0.0850449285575516
405,3,824.87,-0.11783621924069458
405,3,825.701,0.058701333988390406
405,3,826.116,-0.12176663957794281
405,3,826.531,0.04957300430349836
405,3,827.361,-0.08665395937471872
405,3,829.434,0.028143533693316545
405,3,829.848,-0.019584850268624988
405,3,833.573,-0.049359082761064606
405,3,833.987,0.08786315695518629
405,3,834.813,-0.11961570272220472
405,3,836.052,-0.09273887306383125
405,3,836.878,-0.00995223427792075
405,3,837.29,-0.07151095534731138
405,3,838.94,0.057226485132588094
405,3,841.0,-0.12429641819903205
405,3,844.292,0.035396506661940434
405,3,844.703,0.08570708191455235
405,3,850.857,0.04150716967295601
405,3,852.495,-0.061885071560779055
405,3,854.54,-0.0858649394807519
405,3,854.949,-0.14229415079105256
405,3,855.357,-0.049110699465313205
405,3,855.766,-0.04233365465789446
405,3,856.174,-0.10099052800127441
405,3,856.991,-0.07791206264498646
405,3,857.807,-0.05083833291440984
405,3,858.623,0.14954657687417572
405,3,859.439,0.07623390365848236
405,3,860.254,-0.056536324335582595
405,3,860.661,0.12887147999578122
405,3,861.883,-0.042307898301315275
405,3,862.29,-0.12334315479644739
405,3,863.104,-0.06139335733180234
405,3,863.918,-0.047724382614015855
405,3,864.325,-0.03215749687918224
405,3,865.138,-0.1537707390290798
405,3,866.357,-0.05481630821273377
405,3,868.792,-0.04121877044233685
405,3,871.629,-0.0668289258442942
405,3,875.27,-0.01621821869986584
405,3,875.674,0.1005547276125622
405,3,876.886,-0.046371722548957404
405,3,878.097,-0.06940809363008499
405,3,878.501,-0.10833868895863406
405,3,879.711,-0.05648372796143114
405,3,880.92,0.08250793749228613
405,3,881.726,0.06933590154887019
405,3,883.336,0.08109108286870008
405,3,887.757,-0.03353577867352373
405,3,890.164,0.10424542256589411
405,3,893.768,-0.0035518604881378817
405,3,895.368,-0.042909484809516424
405,3,901.752,-0.06404449353598841
405,3,902.15,-0.10685044801315272
405,3,904.14,0.09082207674673046
405,3,905.333,-0.07108201116637677
405,3,907.32,0.07040196481636418
405,3,908.511,-0.03366877830265294
405,3,908.907,0.16710282716514804
405,3,911.286,-0.02366500521346368
405,3,912.474,0.1380918276435249
405,3,914.058,-0.027381011578973657
405,3,915.244,-0.03479442346077623
405,3,915.639,0.07164094523253986
405,3,916.034,-0.06276784846534339
405,3,918.404,-0.04137640423613824
405,3,918.798,-0.059280327288118446
405,3,920.77,-0.00819572125603898
405,3,921.558,-0.02560553573464876
405,3,923.527,0.05926382980734227
405,3,926.672,0.1428065679685168
405,3,927.85,-0.07643265701361285
405,3,928.635,0.116945668078734
405,3,930.204,0.17565208601001264
405,3,930.988,0.12745298658904772
405,3,933.337,0.09637718082160994
405,3,933.729,0.16189891121245265
405,3,936.075,0.1772554050003863
405,3,936.465,0.12253226189089025
405,3,936.856,0.10045142082609856
405,3,937.246,0.18104519258655738
405,3,938.027,0.1348625982597664
405,3,939.588,0.2062950321598081
405,3,939.978,0.15705536509034584
405,3,940.368,0.056248033822030155
405,3,941.147,0.26864013237040346
405,3,941.537,0.25503748523099484
405,3,941.926,0.24346993787759352
405,3,942.315,0.29420999149932064
405,3,943.483,0.12212000519463859
405,3,944.261,0.14476433572227126
405,3,944.65,0.11050836208394241
405,3,945.039,0.21033923904646198
405,3,945.428,0.26692141382022616
405,3,946.205,0.20245321223423418
405,3,946.593,0.18851734062331713
405,3,946.982,0.29636225287395035
405,3,947.37,0.23833292608227116
405,3,947.758,0.2265509833720897
405,3,948.146,0.20022473550943215
405,3,948.922,0.14453876137680996
405,3,949.31,0.09938035492200999
405,3,949.698,0.31410481420122915
405,4,451.403,0.04991251673704469
405,4,457.386,0.04500014261406725
405,4,465.835,0.05999648889034928
405,4,472.769,-0.026931377775638497
405,4,489.027,-0.11160091979162196
405,4,490.499,-0.0887739965316199
405,4,490.989,-0.09975190920969233
405,4,491.48,-0.06223890153018926
405,4,491.97,-0.14446810437010926
405,4,494.419,-0.14075593414231252
405,4,496.377,0.06249659596835648
405,4,498.821,-0.3186998615858294
405,4,499.31,-0.39794904862324865
405,4,500.287,-0.30311876857655073
405,4,500.775,0.16267047904579957
405,4,501.263,-0.17114243646215446
405,4,501.751,-0.1954165303951953
405,4,502.239,-0.1649678402359334
405,4,502.727,-0.34905396781633347
405,4,503.215,-0.24439519469361418
405,4,504.19,-0.7096582920344906
405,4,505.164,0.2537925661992475
405,4,505.651,-0.14162492042199992
405,4,506.139,-0.3285196134513241
405,4,507.112,-0.14257952801201648
405,4,508.086,-0.2133976433446428
405,4,509.545,-0.2536823409930394
405,4,511.003,-0.1468752292807581
405,4,511.489,-0.0567858346714157
405,4,512.46,-0.12981231347143513
405,4,514.401,-0.056902036024903714
405,4,520.699,-0.03631482172595332
405,4,525.048,-0.030094719725011907
405,4,526.978,-0.04615316922376508
405,4,528.906,-0.05068226706027858
405,4,533.238,-0.04970929732015192
405,4,555.245,-0.0331542054414608
405,4,561.423,-0.012313482869102672
405,4,580.319,-0.015585916543344147
405,4,596.248,-0.03451993016076669
405,4,615.294,0.014374616384258108
405,4,619.913,0.021792623937843095
405,4,620.836,0.059009717587894306
405,4,621.297,0.07334283453208386
405,4,623.14,0.037355007000761095
405,4,623.601,0.04668450010726679
405,4,624.061,0.05909383113927025
405,4,624.982,0.07717008775383741
405,4,625.442,0.0783387162253691
405,4,625.902,0.08394148660372329
405,4,626.362,0.061478159940980805
405,4,627.282,0.0849461124986796
405,4,628.661,0.070649603145127
405,4,630.497,0.08964987240638528
405,4,632.791,0.04053000854803105
405,4,633.708,0.09181635636521134
405,4,635.54,0.07977360263532202
405,4,636.455,0.053708314351682836
405,4,642.396,0.028434798968725042
405,4,643.765,-0.09554850189773045
405,4,645.132,-0.10215866313485074
405,4,646.499,-0.11874631094172695
405,4,648.319,-0.13251258531687354
405,4,649.229,-0.13799907984013057
405,4,650.593,-0.1266924375114395
405,4,657.851,0.022422909828821995
405,4,658.757,0.05083753023607197
405,4,662.375,0.04225659718199298
405,4,663.278,0.017039881235262278
405,4,664.181,0.02151306155405173
405,4,665.986,0.01286081563678706
405,4,679.918,0.016855784333713646
405,4,684.839,0.08186701365055644
405,4,686.179,0.11391522850174493
405,4,686.625,0.08744774220679032
405,4,687.071,0.08078285683762958
405,4,687.518,0.1543703211478093
405,4,687.964,0.14138711465696105
405,4,688.41,0.15217659154362526
405,4,688.856,0.15111677583969915
405,4,689.301,0.17744740629772526
405,4,689.747,0.11089253802871958
405,4,690.193,0.13392954915249808
405,4,690.638,0.07428080222360786
405,4,691.084,0.07655428875162665
405,4,691.529,0.08921441014868635
405,4,691.974,0.11111139936251414
405,4,692.419,0.09372295028658659
405,4,692.864,0.11085460546701786
405,4,695.977,0.044359955329525774
405,4,700.857,0.026617305384844824
405,4,721.138,-0.09578412850442762
405,4,727.706,-0.09063870940534983
405,4,729.017,-0.13861429733469555
405,4,729.89,0.08598053542195519
405,4,730.764,0.06728267874522184
405,4,731.2,-0.11188651530680915
405,4,732.072,0.12620558860274722
405,4,732.509,0.12865655360114153
405,4,733.38,-0.13146115902996722
405,4,733.816,0.08957416287483648
405,4,735.559,0.1578473982863436
405,4,736.864,0.17639348111929767
405,4,737.734,0.3139012189767639
405,4,738.604,0.05499092565053985
405,4,740.776,0.15289876072286343
405,4,741.21,0.09896887417568927
405,4,741.644,0.2348252560926399
405,4,742.078,0.2463387547455945
405,4,742.946,0.23602765658085098
405,4,743.379,0.033854504994780515
405,4,744.246,-0.1073044050400783
405,4,744.68,0.027226777292442002
405,4,745.113,-0.17887768482276503
405,4,745.546,0.04033967766963244
405,4,745.979,0.12362484392499967
405,4,747.278,0.10084040599389209
405,4,748.576,0.1294717608213365
405,4,749.008,0.2750719271345866
405,4,750.305,0.20532602869675953
405,4,750.737,0.03291343859336792
405,4,751.169,-0.23573527817147436
405,4,751.601,0.03486483191971307
405,4,752.464,-0.211025117929773
405,4,752.896,-0.2984491768076857
405,4,753.327,-0.09584553625402438
405,4,753.758,-0.14930400626405008
405,4,755.052,-0.16874765046423873
405,4,755.483,0.10810201863583717
405,4,755.914,0.21491051268037104
405,4,756.344,0.04589169030154107
405,4,756.775,0.2173306636916558
405,4,757.636,0.10691461881097188
405,4,758.066,0.05138138799270762
405,4,758.497,0.10922556785498941
405,4,758.927,0.3168627653335948
405,4,759.787,0.08301017800246642
405,4,760.647,0.03768374542046216
405,4,761.076,-0.22017116786878013
405,4,762.365,0.1416697442651164
405,4,763.223,0.28471634877992424
405,4,763.653,0.12898748476770058
405,4,764.51,0.11846002055393352
405,4,766.225,0.14648076953398956
405,4,767.938,-0.1482903877039385
405,4,768.367,-0.18719984694047417
405,4,768.795,-0.25658234955146314
405,4,769.222,0.17842297630072776
405,4,769.65,0.16829782039002777
405,4,770.078,-0.09983476818136752
405,4,771.36,0.22643441431568231
405,4,773.069,0.07943125397113729
405,4,773.496,-0.1693742440845742
405,4,774.349,-0.10475809660452282
405,4,774.776,-0.12183092695602532
405,4,775.203,-0.15987714147004428
405,4,775.629,0.038743327484643264
405,4,776.055,-0.21107086120200194
405,4,776.482,-0.13623193460598806
405,4,776.908,-0.20906557710623477
405,4,777.334,-0.10208695154007337
405,4,778.186,0.031932831874838426
405,4,778.611,0.09741453764106123
405,4,781.589,-0.09665062368915754
405,4,782.864,0.07673055212538105
405,4,784.562,-0.16172151495935488
405,4,785.835,-0.22703714077034784
405,4,790.071,-0.2901090979531289
405,4,793.454,-0.09049232171947276
405,4,795.143,0.13833312637221123
405,4,795.565,-0.1999125629882036
405,4,797.673,0.14209267297914713
405,4,798.516,0.09953984433542855
405,4,798.937,0.11608821838205258
405,4,799.358,-0.1767165957026912
405,4,799.779,-0.11105068468720651
405,4,803.984,0.09759158752098057
405,4,804.824,0.06378339342221864
405,4,805.664,0.10731842256159543
405,4,808.599,-0.14585687408565615
405,4,816.544,0.03864666557845678
405,4,817.378,0.2170657380865925
405,4,818.629,0.14440212391182342
405,4,819.462,-0.12297287921808445
405,4,819.879,-0.104356006780663
405,4,820.295,-0.07994985245838646
405,4,820.712,-0.07742027479429514
405,4,821.128,-0.11321309582463429
405,4,823.624,0.08503474831576754
405,4,824.87,-0.1339103804397155
405,4,825.701,0.05672918520726064
405,4,826.116,-0.13841119377152628
405,4,826.531,0.04679558606372147
405,4,827.361,-0.10038536343574528
405,4,829.848,-0.027891565704915793
405,4,833.573,-0.060057381581869934
405,4,833.987,0.08815348665555585
405,4,834.813,-0.13571768890831984
405,4,836.052,-0.10687160292081559
405,4,838.94,0.05509315332212209
405,4,841.0,-0.14097558554326153
405,4,844.292,0.031627490223533394
405,4,844.703,0.08586867676166683
405,4,854.54,-0.09943215126898959
405,4,854.949,-0.16028677410572342
405,4,855.357,-0.05970315423805973
405,4,855.766,-0.05248119204515574
405,4,856.174,-0.1157530130963502
405,4,857.807,-0.06161792251407492
405,4,858.623,0.15482350254036953
405,4,859.439,0.0755778969216588
405,4,860.254,-0.06777037200242354
405,4,860.661,0.1324828389768755
405,4,862.29,-0.1397765391524852
405,4,863.104,-0.07302638321884336
405,4,863.918,-0.05818715603953727
405,4,865.138,-0.17269256159004692
405,4,866.357,-0.06588378901057097
405,4,868.792,-0.05128213686216193
405,4,871.629,-0.07877488863107997
405,4,875.27,-0.024179569519535087
405,4,875.674,0.10186056706054461
405,4,876.886,-0.05660494769497758
405,4,878.097,-0.08144972826972555
405,4,878.501,-0.12341358468291423
405,4,879.711,-0.06771559515829739
405,4,880.92,0.08252910802389006
405,4,881.726,0.06837395751170326
405,4,883.336,0.08101179244298512
405,4,887.757,-0.04270162999883257
405,4,890.164,0.10607194444815815
405,4,895.368,-0.052851381062001476
405,4,901.752,-0.07561744902324467
405,4,902.15,-0.12170756868097171
405,4,904.14,0.09164473142545423
405,4,905.333,-0.08320752143928596
405,4,907.32,0.06965501849363905
405,4,908.511,-0.04286468349731353
405,4,908.907,0.17406238740528768
405,4,912.474,0.1427183742013419
405,4,914.058,-0.03594965859330493
405,4,915.244,-0.04380937078415361
405,4,915.639,0.07096658021824104
405,4,916.034,-0.0741829901503318
405,4,918.404,-0.050940659762282584
405,4,923.527,0.057605095651566865
405,4,926.672,0.14793977381127402
405,4,927.85,-0.08879308344993161
405,4,928.635,0.12009350838979144
405,4,930.204,0.18334190327780012
405,4,930.988,0.13154125791202134
405,4,933.729,0.16857646047121946
405,4,936.075,0.18501447904073662
405,4,936.465,0.12623221365931772
405,4,936.856,0.10251477487740829
405,4,937.246,0.18919077160955178
405,4,938.027,0.13960375193263705
405,4,939.588,0.21686627675600048
405,4,939.978,0.1635374930442747
405,4,940.368,0.054419589669182804
405,4,941.147,0.28424097238330664
405,4,941.537,0.26962617799193234
405,4,941.926,0.25705761152254236
405,4,942.315,0.3118157273191253
405,4,943.483,0.12579557445295877
405,4,944.261,0.1502402008047983
405,4,944.65,0.11302933546513455
405,4,945.039,0.22132354326006204
405,4,945.428,0.282508664209445
405,4,946.205,0.21287273068137422
405,4,946.593,0.19756307011757648
405,4,946.982,0.3143684965106263
405,4,947.37,0.25169698787692274
405,4,947.758,0.23884501558421067
405,4,948.146,0.21016871003019946
405,4,948.922,0.14976779225678008
405,4,949.31,0.10116434740339271
405,4,949.698,0.3335835587555588
405,5,465.835,0.062219033364688606
405,5,472.769,-0.02553082129697971
405,5,489.027,-0.11049299767872767
405,5,490.499,-0.08725647478944057
405,5,490.989,-0.0982692977185739
405,5,491.48,-0.06001598574798973
405,5,491.97,-0.14342784527510788
405,5,494.419,-0.13901070145782776
405,5,498.821,-0.31721454323728454
405,5,499.31,-0.39698207289445303
405,5,500.287,-0.2999003823103235
405,5,500.775,0.1720870705871011
405,5,501.263,-0.16541144811039799
405,5,501.751,-0.1901920694684036
405,5,502.239,-0.1598410566196019
405,5,502.727,-0.34653750760211083
405,5,503.215,-0.2402958204922893
405,5,504.19,-0.7151523861064429
405,5,505.164,0.2603320894431328
405,5,505.651,-0.14186194414247535
405,5,506.139,-0.3315421711101939
405,5,507.112,-0.14466852201770664
405,5,508.086,-0.2175602168555307
405,5,509.545,-0.25915524183426736
405,5,511.003,-0.15125118328570028
405,5,511.489,-0.0600543457000924
405,5,512.46,-0.13407597397440352
405,5,520.699,-0.039459323034744136
405,5,526.978,-0.04942263127526148
405,5,528.906,-0.053962420697867296
405,5,555.245,-0.036215169361108725
405,5,580.319,-0.01815210964134028
405,5,615.294,0.012792868536391824
405,5,619.913,0.020543768517499793
405,5,620.836,0.058310837123759895
405,5,621.297,0.07284121967685185
405,5,623.14,0.03647172247155295
405,5,624.061,0.05851579603459667
405,5,624.982,0.07687699117563389
405,5,625.442,0.07805058243355112
405,5,625.902,0.08379864763899071
405,5,627.282,0.0848091148600497
405,5,628.661,0.0703826812978945
405,5,630.497,0.08971403402787212
405,5,632.791,0.03991449776861258
405,5,633.708,0.09194722781746373
405,5,635.54,0.0799396898380031
405,5,636.455,0.05343522503649707
405,5,642.396,0.029207358898743412
405,5,643.765,-0.09616984248232176
405,5,645.132,-0.10231148728483987
405,5,646.499,-0.11832549669801092
405,5,648.319,-0.13127022749033856
405,5,649.229,-0.1365374210932642
405,5,650.593,-0.124733237920996
405,5,657.851,0.02720519422613617
405,5,658.757,0.05613376682536721
405,5,662.375,0.046805734514925326
405,5,663.278,0.021043050909638133
405,5,664.181,0.025362706258239016
405,5,684.839,0.08308537171007954
405,5,686.179,0.115217831785616
405,5,686.625,0.08810559583456887
405,5,687.071,0.08130052438832845
405,5,687.518,0.15558600986306198
405,5,687.964,0.14215367067179263
405,5,688.41,0.15273153447100735
405,5,688.856,0.15145413171131522
405,5,689.301,0.17776483278058736
405,5,689.747,0.11005232712969035
405,5,690.193,0.13329596019721018
405,5,690.638,0.07286913987243356
405,5,691.084,0.07517511729338806
405,5,691.529,0.08792862513606038
405,5,691.974,0.11003360298881007
405,5,692.419,0.09249631261429724
405,5,692.864,0.10981161356946192
405,5,695.977,0.042418654489847336
405,5,700.857,0.02421667778717961
405,5,721.138,-0.10357324103847805
405,5,727.706,-0.10041707799090713
405,5,729.017,-0.1497332892847605
405,5,729.89,0.07794476247271942
405,5,730.764,0.058851419298886695
405,5,731.2,-0.12292827439229996
405,5,732.072,0.1186955721892512
405,5,732.509,0.12103302140312633
405,5,733.38,-0.1435101103122615
405,5,733.816,0.08096384755094864
405,5,735.559,0.15046805724508858
405,5,736.864,0.16961089012434621
405,5,737.734,0.30950522435711564
405,5,738.604,0.0462672728050657
405,5,740.776,0.1467352417123465
405,5,741.21,0.09261525525628943
405,5,741.644,0.23049991102642642
405,5,742.078,0.24203042499996688
405,5,742.946,0.2324170913730406
405,5,743.379,0.027775817134593473
405,5,744.246,-0.11537264278470079
405,5,744.68,0.020925525364569524
405,5,745.113,-0.18693066091290397
405,5,745.546,0.03500473465532006
405,5,745.979,0.11950538113947427
405,5,747.278,0.09763594649843156
405,5,748.576,0.1271343816162188
405,5,749.008,0.2750934889264218
405,5,750.305,0.20527967070863676
405,5,750.737,0.03079589348389216
405,5,751.169,-0.24170440129562942
405,5,751.601,0.03317924465304314
405,5,752.464,-0.21572102264164186
405,5,752.896,-0.3034571926991
405,5,753.758,-0.151906163025662
405,5,755.052,-0.1709563472653412
405,5,755.483,0.1100990185110167
405,5,755.914,0.21812390976952117
405,5,756.344,0.04709640588701762
405,5,756.775,0.22104141268438052
405,5,757.636,0.10916668787528126
405,5,758.066,0.05277345517492997
405,5,758.497,0.11200950346247594
405,5,758.927,0.3230474824021894
405,5,759.787,0.08630968830445372
405,5,760.647,0.03972914918642673
405,5,761.076,-0.22130764748369794
405,5,762.365,0.14587635799002374
405,5,763.223,0.29138358594215336
405,5,763.653,0.13411234711987385
405,5,764.51,0.12322935367027676
405,5,766.225,0.15249658822021186
405,5,767.938,-0.14598918996226384
405,5,768.367,-0.18565415173178904
405,5,768.795,-0.25581161464327823
405,5,769.222,0.18512639589186358
405,5,769.65,0.17470142908167388
405,5,770.078,-0.0967439211980917
405,5,771.36,0.23383441693339393
405,5,773.069,0.08526117790414986
405,5,773.496,-0.16673151074227788
405,5,774.349,-0.10100160283743155
405,5,774.776,-0.11852428302545873
405,5,775.203,-0.1570317597371501
405,5,775.629,0.044347026175871995
405,5,776.055,-0.20863331270504304
405,5,776.482,-0.13251083122410864
405,5,776.908,-0.2064592427274254
405,5,777.334,-0.0980162204870909
405,5,778.186,0.03769017869159385
405,5,778.611,0.10424877421472249
405,5,782.864,0.08344911632957741
405,5,784.562,-0.15787594970564153
405,5,785.835,-0.22428259172785708
405,5,790.071,-0.28791246693096384
405,5,795.143,0.14652273808620014
405,5,795.565,-0.19628989579872025
405,5,797.673,0.1505105267499881
405,5,798.516,0.10736567198227331
405,5,798.937,0.1240432377737764
405,5,799.358,-0.17273169726180027
405,5,799.779,-0.1060697400161167
405,5,803.984,0.10544736487161159
405,5,805.664,0.11528398627479544
405,5,808.599,-0.14123671617441347
405,5,816.544,0.045878856875044595
405,5,817.378,0.22682236710531328
405,5,818.629,0.15313047180332906
405,5,819.879,-0.09899751746420775
405,5,820.295,-0.07439170970056466
405,5,821.128,-0.10804825789551196
405,5,823.624,0.09324426618672707
405,5,824.87,-0.12891443384530232
405,5,825.701,0.06427854519490601
405,5,826.116,-0.133412621986077
405,5,826.531,0.05429183008886265
405,5,827.361,-0.0949695197507348
405,5,829.848,-0.02151417434701673
405,5,833.573,-0.05398578969068251
405,5,833.987,0.09630532875600618
405,5,834.813,-0.13077285723190044
405,5,836.052,-0.10137737411546703
405,5,841.0,-0.1360444582508442
405,5,844.292,0.03907783349070921
405,5,844.703,0.09393660691399719
405,5,854.949,-0.1558349139492897
405,5,855.766,-0.04649706521379656
405,5,856.174,-0.11052594778013661
405,5,857.807,-0.05558558696688889
405,5,858.623,0.16385368884458876
405,5,859.439,0.08339996489715544
405,5,860.254,-0.06182439258521348
405,5,860.661,0.14112238101982488
405,5,862.29,-0.13494367480837546
405,5,863.104,-0.06720982994178812
405,5,863.918,-0.05218405415260335
405,5,865.138,-0.16833980888084607
405,5,866.357,-0.05995825465203794
405,5,871.629,-0.0732332559145998
405,5,876.886,-0.050806749865651486
405,5,878.097,-0.07586983032837501
405,5,878.501,-0.11844628643896542
405,5,879.711,-0.06194158244297135
405,5,883.336,0.08884742746963377
405,5,887.757,-0.036706489881389505
405,5,895.368,-0.04688593546246759
405,5,902.15,-0.11695957317556027
405,5,904.14,0.09948247379189266
405,5,905.333,-0.07793248804170626
405,5,908.511,-0.03690958603149346
405,5,908.907,0.18300389373253548
405,5,912.474,0.15122145064226328
405,5,914.058,-0.029869323420471834
405,5,916.034,-0.06884137948550341
405,5,918.404,-0.04531733576936361
405,5,923.527,0.06479359059798996
405,5,926.672,0.15650906210830762
405,5,927.85,-0.08378790669772417
405,5,930.204,0.19213395478740827
405,5,930.988,0.13949050176194527
405,5,933.729,0.17707383936966278
405,5,936.075,0.19392343752167732
405,5,936.465,0.13400532574639185
405,5,936.856,0.10990520940270855
405,5,937.246,0.19793667173746435
405,5,938.027,0.14753367678151927
405,5,939.588,0.22561936161656984
405,5,940.368,0.06143885193587384
405,5,941.147,0.2939518737649496
405,5,941.537,0.27926255781751497
405,5,941.926,0.2662364303016032
405,5,942.315,0.321829910046959
405,5,943.483,0.13359153765237944
405,5,944.261,0.1582819520890224
405,5,944.65,0.12073215739074782
405,5,945.039,0.23000206096449474
405,5,945.428,0.29187398265426767
405,5,946.205,0.22138030651117382
405,5,946.593,0.20604768623431527
405,5,946.982,0.32425353778254634
405,5,947.37,0.26077407397877306
405,5,947.758,0.24753730382701364
405,5,948.146,0.2189663269890669
405,5,948.922,0.1578382008991333
405,5,949.31,0.10852944505522573
405,5,949.698,0.3435156603869456
405,6,465.835,0.06346458557168319
405,6,489.027,-0.11488881436936962
405,6,490.499,-0.09086840947732697
405,6,491.97,-0.14882863016397113
405,6,494.419,-0.1440964702167067
405,6,498.821,-0.3273618746876127
405,6,499.31,-0.40964575723606245
405,6,500.287,-0.30882878370867606
405,6,500.775,0.1791332877782034
405,6,501.263,-0.1691850726430642
405,6,501.751,-0.19452965191389793
405,6,502.239,-0.16252471230480767
405,6,502.727,-0.3555415154660253
405,6,503.215,-0.24580826983285342
405,6,504.19,-0.7353454994167397
405,6,505.164,0.2724454895943052
405,6,505.651,-0.14365236741814608
405,6,506.139,-0.3397750190548992
405,6,507.112,-0.14672030941720068
405,6,508.086,-0.2227681962032656
405,6,509.545,-0.26620727833283553
405,6,511.003,-0.15483966731337195
405,6,512.46,-0.13758382383097173
405,6,520.699,-0.0405606267294759
405,6,526.978,-0.051099630032344905
405,6,555.245,-0.03750831975598481
405,6,615.294,0.014592598153973844
405,6,619.913,0.022846413195262445
405,6,620.836,0.06195425703331892
405,6,621.297,0.0769541032321356
405,6,623.14,0.03951077698982208
405,6,624.982,0.08130296331472836
405,6,625.442,0.08246711827583014
405,6,625.902,0.08848093345065124
405,6,627.282,0.08951666199295764
405,6,628.661,0.07464165298276798
405,6,630.497,0.09463955199918017
405,6,632.791,0.04324980413592343
405,6,633.708,0.09704624149307707
405,6,635.54,0.08478337866880338
405,6,636.455,0.05743447656286194
405,6,642.396,0.03350550120016507
405,6,643.765,-0.09591208300559735
405,6,645.132,-0.10192679711558594
405,6,646.499,-0.118212605923929
405,6,648.319,-0.131412962280442
405,6,649.229,-0.13688907535964334
405,6,650.593,-0.12468349815429298
405,6,657.851,0.031413013367112066
405,6,658.757,0.06111473105163907
405,6,663.278,0.02336375457380267
405,6,664.181,0.027519774073439134
405,6,684.839,0.0851056631510649
405,6,686.179,0.11865457329502677
405,6,686.625,0.09075602548808108
405,6,687.071,0.08396028921092097
405,6,687.518,0.16099431040023265
405,6,687.964,0.14734457685375274
405,6,688.41,0.1585209931615366
405,6,688.856,0.1573758403243689
405,6,689.301,0.1847304261898127
405,6,689.747,0.11480358009634661
405,6,690.193,0.13889431347927386
405,6,690.638,0.07658577454777699
405,6,691.084,0.07880891648333499
405,6,691.529,0.09194544062298945
405,6,691.974,0.11469770408503685
405,6,692.419,0.09648319315775009
405,6,692.864,0.11432518128353195
405,6,695.977,0.04426983609593326
405,6,721.138,-0.10810644580256375
405,6,727.706,-0.10574740463013692
405,6,729.017,-0.15691569218749643
405,6,729.89,0.0781998325908007
405,6,730.764,0.058294807456111035
405,6,731.2,-0.1296005521640924
405,6,732.072,0.1200142868013924
405,6,732.509,0.12234036237299553
405,6,733.38,-0.15150946461437445
405,6,733.816,0.08050068578423168
405,6,735.559,0.15233505111495038
405,6,736.864,0.17171506964692745
405,6,737.734,0.3167461867072649
405,6,738.604,0.044107903314296024
405,6,740.776,0.14807337650317706
405,6,741.21,0.09208078485039034
405,6,741.644,0.23432461832193124
405,6,742.078,0.2462983780506342
405,6,742.946,0.23622670296215073
405,6,743.379,0.024823696397623034
405,6,744.246,-0.12360224846593316
405,6,744.68,0.017815605955000556
405,6,745.113,-0.19728755428089212
405,6,745.546,0.03280561842601661
405,6,745.979,0.11962203262844587
405,6,747.278,0.09712515237758465
405,6,748.576,0.12738828979477487
405,6,749.008,0.2807103542593957
405,6,750.305,0.20842909478122335
405,6,750.737,0.028006314501026332
405,6,751.169,-0.25375741738565016
405,6,751.601,0.030802775622487746
405,6,752.464,-0.22681002406105202
405,6,752.896,-0.31721487855197156
405,6,753.758,-0.16065599453343485
405,6,755.052,-0.18009911453630284
405,6,755.483,0.11031648471201592
405,6,755.914,0.22198568141443992
405,6,756.344,0.04543656431860951
405,6,756.775,0.22528432952702648
405,6,757.636,0.10961156240127685
405,6,758.066,0.05135801349863255
405,6,758.497,0.11255053848356424
405,6,758.927,0.33069441515786885
405,6,759.787,0.08613077151427945
405,6,760.647,0.03812445406390221
405,6,761.076,-0.23181674910331843
405,6,762.365,0.14790428961386964
405,6,763.223,0.29857845407950423
405,6,763.653,0.13570518120795758
405,6,766.225,0.15537471007023576
405,6,767.938,-0.15322512506459005
405,6,768.367,-0.19444216962820562
405,6,768.795,-0.266681234540587
405,6,769.222,0.18883789654716449
405,6,769.65,0.17802191524891195
405,6,771.36,0.2393715773680591
405,6,773.069,0.08594599913606032
405,6,773.496,-0.17468762977769015
405,6,774.349,-0.10632734514489398
405,6,774.776,-0.12452779239067227
405,6,775.203,-0.1644778609049584
405,6,775.629,0.04377858073485633
405,6,776.055,-0.21739625327536147
405,6,776.482,-0.13885974713064103
405,6,776.908,-0.21543859276581467
405,6,778.186,0.03720420668044801
405,6,782.864,0.08445136206654041
405,6,784.562,-0.16459856950529655
405,6,785.835,-0.23347896118706726
405,6,790.071,-0.2988329121273957
405,6,795.143,0.15002027852789998
405,6,797.673,0.1541624876629436
405,6,798.516,0.10968154163896637
405,6,798.937,0.12677949223882035
405,6,799.358,-0.17976662835447949
405,6,799.779,-0.11102708191361094
405,6,803.984,0.10772611278927488
405,6,808.599,-0.14717811496634345
405,6,816.544,0.046430895995459374
405,6,817.378,0.2331463722387923
405,6,818.629,0.1569808709066941
405,6,819.879,-0.10321547795419367
405,6,821.128,-0.1127306568977232
405,6,823.624,0.09525626478665664
405,6,824.87,-0.13409267457818533
405,6,825.701,0.06564581097090828
405,6,826.116,-0.13887695402934735
405,6,826.531,0.05505369773156904
405,6,827.361,-0.09907001584324818
405,6,829.848,-0.02332128879842259
405,6,833.573,-0.05660752766467446
405,6,833.987,0.09868888921685481
405,6,834.813,-0.1356228826337393
405,6,836.052,-0.10550693740144067
405,6,841.0,-0.1413739579239763
405,6,844.292,0.03992788892224805
405,6,844.703,0.09621390974573606
405,6,854.949,-0.16182982046419192
405,6,855.766,-0.04877103797996571
405,6,856.174,-0.11487532851128857
405,6,857.807,-0.0579927367100067
405,6,858.623,0.16863689172764504
405,6,860.254,-0.06449903078831631
405,6,860.661,0.14511401084185582
405,6,862.29,-0.14002585935993725
405,6,863.104,-0.07002808983799934
405,6,863.918,-0.05447764080655278
405,6,865.138,-0.1745439797210568
405,6,866.357,-0.06270469141355951
405,6,871.629,-0.07625485558370233
405,6,876.886,-0.05304044726671873
405,6,878.097,-0.0788115770868242
405,6,878.501,-0.12261596467895934
405,6,883.336,0.09138438128907525
405,6,887.757,-0.03826009317656615
405,6,895.368,-0.048780438436254916
405,6,902.15,-0.12118559811291586
405,6,904.14,0.10255321666788028
405,6,905.333,-0.08091980107881297
405,6,908.511,-0.03854698912850311
405,6,908.907,0.18869905883017826
405,6,912.474,0.1556999501017147
405,6,914.058,-0.031205848701574935
405,6,916.034,-0.07152560227110612
405,6,918.404,-0.04714267063151139
405,6,926.672,0.16137862196804764
405,6,927.85,-0.08688624345819734
405,6,930.204,0.1978733604764278
405,6,930.988,0.14363570481944854
405,6,933.729,0.18241006378399285
405,6,936.075,0.19964387488399835
405,6,936.465,0.13792018172593395
405,6,936.856,0.11302876862500354
405,6,937.246,0.2038731002130354
405,6,938.027,0.15194406852387102
405,6,939.588,0.2323824674727901
405,6,940.368,0.06292905938620784
405,6,941.147,0.30303093794340563
405,6,941.537,0.2881027296283388
405,6,941.926,0.2741950485657604
405,6,942.315,0.3316081517997765
405,6,943.483,0.1373404523709297
405,6,944.261,0.1626866962350002
405,6,944.65,0.12416677574589026
405,6,945.039,0.23673709274064778
405,6,945.428,0.3008007647504775
405,6,946.205,0.22794226997221806
405,6,946.593,0.21184210777983215
405,6,946.982,0.3343545696980524
405,6,947.37,0.2685202950001865
405,6,947.758,0.2549551390274347
405,6,948.146,0.2255963851523043
405,6,948.922,0.16213327522097204
405,6,949.698,0.35399287801924
405,7,465.835,0.08281109455027005
405,7,489.027,-0.2369522815804285
405,7,490.499,-0.15536635806674667
405,7,491.97,-0.2561519936719015
405,7,494.419,-0.2830192096196545
405,7,498.821,-0.5188761973705018
405,7,499.31,-0.6875237335786578
405,7,500.287,-0.3924813683348051
405,7,500.775,0.3423963776741455
405,7,501.263,-0.11241955725987057
405,7,501.751,-0.3243355363550416
405,7,502.239,0.19366910047119318
405,7,502.727,-0.4032176416967789
405,7,503.215,-0.08803616874693132
405,7,504.19,-0.7889465121652235
405,7,505.164,0.5371507422460499
405,7,505.651,-0.1435436052206981
405,7,506.139,-0.2317769964980708
405,7,507.112,-0.10353623579526017
405,7,508.086,-0.0986869640818521
405,7,509.545,-0.2232324347433462
405,7,511.003,-0.12758457608424487
405,7,512.46,-0.08298841807241904
405,7,520.699,-0.034241893403689425
405,7,526.978,-0.08626102708902224
405,7,555.245,-0.05436940433152775
405,7,619.913,0.07543586146601755
405,7,620.836,0.12196494539476112
405,7,621.297,0.14574071157511218
405,7,623.14,0.0991396820346
405,7,624.982,0.15070907887313237
405,7,625.442,0.14441808710636372
405,7,625.902,0.1574855439552837
405,7,627.282,0.15662354536702952
405,7,630.497,0.15453752620150507
405,7,632.791,0.07895053655302978
405,7,633.708,0.1671507539373878
405,7,635.54,0.135364246437141
405,7,636.455,0.11093373273621952
405,7,642.396,0.07033461864481654
405,7,643.765,-0.09418765978348129
405,7,645.132,-0.12510394486262547
405,7,646.499,-0.1413396884371739
405,7,648.319,-0.21096796807458215
405,7,649.229,-0.23457556515126374
405,7,657.851,0.039787404352101985
405,7,658.757,0.07425370741500648
405,7,663.278,-0.03668777791615391
405,7,664.181,0.01163401262924326
405,7,684.839,0.034243761394097016
405,7,686.179,0.05759381224692141
405,7,686.625,0.0057273020676031645
405,7,687.071,0.031346967285777703
405,7,687.518,0.10280002071978588
405,7,687.964,0.12495701458414471
405,7,688.41,0.15524230324820307
405,7,688.856,0.14250240036955716
405,7,689.301,0.19167330458772108
405,7,689.747,0.09992319560278193
405,7,690.193,0.16387338997258868
405,7,690.638,0.12013347539180964
405,7,691.084,0.07757060138888017
405,7,691.529,0.12053396227147427
405,7,691.974,0.15941364995656312
405,7,692.419,0.11771303223430922
405,7,692.864,0.15462452986451106
405,7,695.977,0.06184965396436194
405,7,721.138,-0.26935269531759676
405,7,727.706,-0.33394274195528123
405,7,729.017,-0.3241995859559081
405,7,729.89,0.12672507770192248
405,7,731.2,-0.3030488052072101
405,7,732.072,0.20756032317754564
405,7,732.509,0.3735466347332605
405,7,733.38,-0.515176672083942
405,7,735.559,0.2761395073787611
405,7,736.864,0.45325348135715077
405,7,737.734,0.825594256056237
405,7,738.604,0.07753162514200088
405,7,740.776,0.3496523809488578
405,7,741.21,0.1830548672063932
405,7,741.644,0.373832132721285
405,7,742.078,0.5252656971516909
405,7,742.946,0.37698464439481105
405,7,744.246,-0.30796213509163795
405,7,744.68,0.2006701697767302
405,7,745.113,-0.3188193358237093
405,7,745.546,0.16308924530525026
405,7,745.979,0.17791802066118623
405,7,747.278,0.33200683517875856
405,7,748.576,0.12304583248212003
405,7,749.008,0.41122124197070825
405,7,750.305,0.3953525484289978
405,7,750.737,0.0730687423576234
405,7,751.169,-0.38069549332627367
405,7,751.601,0.16900673299690971
405,7,752.464,-0.3092391792691766
405,7,752.896,-0.5030271371597063
405,7,753.758,-0.1810501948520792
405,7,755.052,-0.2656813755155452
405,7,755.483,0.18870643319930835
405,7,755.914,0.24553575847763986
405,7,756.775,0.3559642873633528
405,7,757.636,0.13634751218243318
405,7,758.066,0.027421188381566822
405,7,758.497,0.23114286589960306
405,7,758.927,0.43565919533844816
405,7,759.787,0.17029554121904597
405,7,760.647,0.1302565744450552
405,7,761.076,-0.3716042372403375
405,7,762.365,0.2749320501816048
405,7,763.223,0.46879868090921484
405,7,766.225,0.24115485836479328
405,7,767.938,-0.2906823079156543
405,7,768.367,-0.2592543321434772
405,7,768.795,-0.3424972325632654
405,7,769.222,0.21013838175669225
405,7,769.65,0.2125804777884372
405,7,771.36,0.331618590701952
405,7,773.496,-0.2905194059517068
405,7,774.349,-0.20330658402528104
405,7,774.776,-0.21732051428661306
405,7,775.203,-0.20010586675226846
405,7,775.629,0.10047267136865526
405,7,776.055,-0.2624040101204962
405,7,776.482,-0.23268596528562974
405,7,776.908,-0.2935442161120813
405,7,778.186,0.05356024672488558
405,7,782.864,0.11765309814505232
405,7,785.835,-0.3148097018771742
405,7,790.071,-0.3887548602685045
405,7,795.143,0.14045132819789144
405,7,797.673,0.21239132248324255
405,7,798.516,0.1826848181083209
405,7,798.937,0.16896306083727647
405,7,799.358,-0.2595714336263255
405,7,799.779,-0.15482997488112443
405,7,803.984,0.14026065863042053
405,7,808.599,-0.22501943162817892
405,7,816.544,0.040870130398804556
405,7,817.378,0.32546080598776334
405,7,818.629,0.14860703382706222
405,7,819.879,-0.18259961875570982
405,7,823.624,0.049978489976070364
405,7,824.87,-0.23899574695635184
405,7,825.701,0.07444383438068558
405,7,826.116,-0.3263152663764903
405,7,826.531,0.09970130007447386
405,7,827.361,-0.22061728389086258
405,7,829.848,-0.10822342176027487
405,7,833.987,0.0767674500532285
405,7,834.813,-0.26687387516143546
405,7,836.052,-0.2005643059269843
405,7,841.0,-0.274054793631787
405,7,844.292,0.0814758700695805
405,7,854.949,-0.3967804130205422
405,7,855.766,-0.1112557028536015
405,7,856.174,-0.2702374186195649
405,7,857.807,-0.13640038231623475
405,7,858.623,0.22518115016202647
405,7,860.254,-0.16767428768972664
405,7,860.661,0.1744183285165799
405,7,862.29,-0.28134891162424963
405,7,863.104,-0.1824705720272343
405,7,863.918,-0.2091417867920027
405,7,865.138,-0.3907486807966678
405,7,866.357,-0.14354978105039765
405,7,871.629,-0.19546388341814028
405,7,878.097,-0.21697082847590102
405,7,878.501,-0.2666277706124207
405,7,883.336,0.14179572079339944
405,7,887.757,-0.13501554483162329
405,7,895.368,-0.14463414326138835
405,7,902.15,-0.29603732341945344
405,7,904.14,0.08749277317572117
405,7,905.333,-0.1843972648124965
405,7,908.907,0.2747983392657557
405,7,912.474,0.21558781381488237
405,7,916.034,-0.1440765052822651
405,7,926.672,0.21112196581444664
405,7,927.85,-0.1941458338299146
405,7,930.204,0.32319664631740924
405,7,930.988,0.22546409153254984
405,7,936.075,0.28238151221365454
405,7,936.465,0.19725639649289567
405,7,936.856,0.18956011260844335
405,7,937.246,0.3174446891166827
405,7,938.027,0.2867484697142568
405,7,939.588,0.41201697046718255
405,7,940.368,0.10507707312839436
405,7,941.147,0.5672304194496324
405,7,941.537,0.596997149126359
405,7,941.926,0.3975584162757308
405,7,942.315,0.515783642801351
405,7,943.483,0.3264922677981679
405,7,944.261,0.2823218285848762
405,7,944.65,0.23764420095553238
405,7,945.039,0.33097668802309427
405,7,945.428,0.5376961114973763
405,7,946.205,0.411086188043161
405,7,946.593,0.42824216771829626
405,7,946.982,0.6064218445199043
405,7,947.37,0.48822985874161656
405,7,947.758,0.5048220464811237
405,7,948.146,0.4086838946833147
405,7,948.922,0.3429790185919355
405,7,949.698,0.6037372338949692
405,8,489.027,-0.2618665888227881
405,8,491.97,-0.2828248866259083
405,8,494.419,-0.3094753666309517
405,8,498.821,-0.5567359566901551
405,8,499.31,-0.7411024766538221
405,8,500.287,-0.4089109958537371
405,8,500.775,0.40528539529466456
405,8,501.263,-0.09212860212215507
405,8,501.751,-0.319637002792002
405,8,502.239,0.2516853195587871
405,8,502.727,-0.40060179471096735
405,8,503.215,-0.050671189490745415
405,8,504.19,-0.8275570475032996
405,8,505.164,0.6320247048539945
405,8,505.651,-0.1197072660818378
405,8,506.139,-0.21918407540491527
405,8,507.112,-0.0839069294695284
405,8,508.086,-0.08278093557275462
405,8,511.003,-0.1237516065379283
405,8,512.46,-0.07740754431394953
405,8,520.699,-0.030252346833201795
405,8,526.978,-0.08870536617037184
405,8,555.245,-0.054193569165048666
405,8,619.913,0.09211874552647767
405,8,620.836,0.14312913798718008
405,8,621.297,0.16944537825684186
405,8,623.14,0.1180787547244265
405,8,624.982,0.17523844882499484
405,8,625.442,0.16787459813583858
405,8,630.497,0.1791842479577683
405,8,632.791,0.09592104768594992
405,8,633.708,0.19331210798734236
405,8,635.54,0.15843711231848964
405,8,636.455,0.13171264671379834
405,8,642.396,0.09018387723893352
405,8,643.765,-0.09069267150310201
405,8,645.132,-0.12348449660222678
405,8,646.499,-0.14127853824820139
405,8,648.319,-0.21648271954123338
405,8,649.229,-0.2432918132723093
405,8,657.851,0.05129081357285215
405,8,658.757,0.08761336994106807
405,8,684.839,0.010867110574287344
405,8,686.179,0.03442334003444659
405,8,686.625,-0.023227012495896236
405,8,687.071,0.005532577528995902
405,8,687.518,0.08510014066133381
405,8,687.964,0.11218219850805686
405,8,688.41,0.14910286012387047
405,8,688.856,0.13663918028067798
405,8,689.301,0.19510348542638703
405,8,689.747,0.09733766305183178
405,8,690.193,0.1705067428890772
405,8,690.638,0.12530533674231992
405,8,691.084,0.08065065178208732
405,8,691.529,0.12890003920190782
405,8,691.974,0.1727234563281333
405,8,692.419,0.12763707211974942
405,8,692.864,0.16919753390569472
405,8,727.706,-0.36647890187385934
405,8,729.017,-0.35618214537879933
405,8,729.89,0.1383532966463544
405,8,731.2,-0.3343111270697858
405,8,732.072,0.22399920332402845
405,8,732.509,0.40925075958186846
405,8,733.38,-0.5723417229186814
405,8,735.559,0.3005393631568561
405,8,736.864,0.49368048486769556
405,8,737.734,0.9045947716720232
405,8,740.776,0.37880171025839277
405,8,741.21,0.19323876107113833
405,8,741.644,0.40354400001963603
405,8,742.078,0.5679408952473844
405,8,742.946,0.40523466725824997
405,8,744.246,-0.35142108441919884
405,8,744.68,0.21328182977954968
405,8,745.113,-0.3617701406992615
405,8,745.546,0.16942829529919748
405,8,745.979,0.18463432912652405
405,8,747.278,0.35272284549556326
405,8,748.576,0.12291519937747597
405,8,749.008,0.43960461485623054
405,8,750.305,0.42101492919389244
405,8,750.737,0.06568621067733685
405,8,751.169,-0.4323598074184171
405,8,751.601,0.17107427515330767
405,8,752.464,-0.35535043977977687
405,8,752.896,-0.5697823282556166
405,8,753.758,-0.2135558680460044
405,8,755.052,-0.30848378485004496
405,8,755.483,0.1926267207291099
405,8,755.914,0.25451855527987666
405,8,756.775,0.37827113383575256
405,8,757.636,0.13406914447303564
405,8,758.066,0.01382654502713739
405,8,758.497,0.23694061424029042
405,8,758.927,0.46449452108686856
405,8,759.787,0.1713912174610516
405,8,760.647,0.12661031928033006
405,8,761.076,-0.42520599857336994
405,8,762.365,0.28722147749169424
405,8,763.223,0.4983295709249274
405,8,766.225,0.24858800251810054
405,8,767.938,-0.3376401962498951
405,8,768.367,-0.30120192375330523
405,8,768.795,-0.3924628808948239
405,8,769.222,0.21458015468901628
405,8,769.65,0.2174667265415652
405,8,771.36,0.34809645395809796
405,8,773.496,-0.337191863598809
405,8,774.349,-0.24208134376863588
405,8,774.776,-0.2545046794084058
405,8,775.629,0.09400830565227852
405,8,776.055,-0.30429673331703083
405,8,776.482,-0.2722384672218211
405,8,776.908,-0.34047298358422695
405,8,778.186,0.042276408417482036
405,8,782.864,0.11194196630971096
405,8,785.835,-0.36177746517325443
405,8,790.071,-0.4436043598435751
405,8,795.143,0.13860850367768549
405,8,797.673,0.21707040103109418
405,8,798.516,0.18508049929492523
405,8,798.937,0.1691032067563052
405,8,799.358,-0.3012720288161838
405,8,799.779,-0.18644370079363043
405,8,808.599,-0.2641479414678642
405,8,816.544,0.028778150346804386
405,8,817.378,0.342569191325668
405,8,818.629,0.14793085101476508
405,8,819.879,-0.2157413269131863
405,8,823.624,0.03780911383081425
405,8,825.701,0.06627677620700818
405,8,826.116,-0.37503321247147553
405,8,827.361,-0.2596835262286939
405,8,833.987,0.06788091548572353
405,8,834.813,-0.30970767111293296
405,8,836.052,-0.2367497291874932
405,8,841.0,-0.3186412434999355
405,8,844.292,0.07326743752297141
405,8,854.949,-0.45316505374648114
405,8,856.174,-0.31340871071151155
405,8,858.623,0.2312357977127813
405,8,860.661,0.17675332572314817
405,8,862.29,-0.3262944682137621
405,8,863.918,-0.2472965752004819
405,8,865.138,-0.44602410057472575
405,8,866.357,-0.17455846726863436
405,8,878.097,-0.2543794849150964
405,8,878.501,-0.30837519082302983
405,8,883.336,0.14091955080836696
405,8,895.368,-0.17533239796806832
405,8,902.15,-0.3407669174078877
405,8,904.14,0.08101508866858327
405,8,905.333,-0.21730662724962982
405,8,908.907,0.2870710467374109
405,8,912.474,0.22212546058365712
405,8,916.034,-0.1735809237350158
405,8,926.672,0.2154705425578053
405,8,927.85,-0.22885288681298638
405,8,930.204,0.3402526130074504
405,8,930.988,0.23274583983932884
405,8,936.075,0.29316755800254585
405,8,936.465,0.2027918563515791
405,8,936.856,0.19455845884557124
405,8,937.246,0.33490073436498957
405,8,938.027,0.3006416422478636
405,8,939.588,0.43829943242139724
405,8,940.368,0.09863304969063232
405,8,941.147,0.6092761213517107
405,8,941.537,0.6419081418666761
405,8,941.926,0.42116878390036244
405,8,942.315,0.5510452646842264
405,8,943.483,0.34215746191765645
405,8,944.261,0.29214036059774373
405,8,944.65,0.24387308674051622
405,8,945.039,0.34697108402832344
405,8,945.428,0.5766039779706842
405,8,946.205,0.4357466592849292
405,8,946.593,0.4533246503213813
405,8,946.982,0.650803137038539
405,8,947.37,0.519438383408668
405,8,947.758,0.5392522203459433
405,8,948.146,0.43181177809608823
405,8,948.922,0.35699548262806813
405,8,949.698,0.646760459499904
405,9,489.027,-0.28725272867211754
405,9,491.97,-0.3102313405866103
405,9,494.419,-0.33831702549792614
405,9,498.821,-0.6022796950576754
405,9,499.31,-0.8036087534289801
405,9,500.287,-0.437630170398441
405,9,500.775,0.45409272005824
405,9,501.751,-0.33288935985981
405,9,502.239,0.2902994020510354
405,9,502.727,-0.41858045445125996
405,9,503.215,-0.03527972000476125
405,9,504.19,-0.8842089565802077
405,9,505.164,0.7083574175594862
405,9,505.651,-0.11157684119416639
405,9,506.139,-0.22128203293788368
405,9,507.112,-0.07593511957190724
405,9,508.086,-0.07734742881877957
405,9,512.46,-0.07650272532529724
405,9,520.699,-0.027886296795731052
405,9,526.978,-0.09213524208260512
405,9,619.913,0.10528692465594129
405,9,620.836,0.16066956612156907
405,9,621.297,0.1895770119756898
405,9,623.14,0.13330185739535952
405,9,624.982,0.19606746296958483
405,9,625.442,0.18768240672661926
405,9,630.497,0.2000228769338474
405,9,633.708,0.21546842253811663
405,9,635.54,0.17735502486202473
405,9,636.455,0.14812180092225155
405,9,642.396,0.10323479091871682
405,9,643.765,-0.09470232500200225
405,9,645.132,-0.1303585873248812
405,9,648.319,-0.2326304769406816
405,9,649.229,-0.26281057887219583
405,9,657.851,0.0535429342918294
405,9,658.757,0.09279456395743403
405,9,684.839,-0.0011994699975659282
405,9,686.179,0.023334294751027496
405,9,686.625,-0.0397784769636029
405,9,687.071,-0.008114777835474268
405,9,687.518,0.07930297413033528
405,9,687.964,0.11035904439014232
405,9,688.41,0.15244319397942313
405,9,688.856,0.1393573599757306
405,9,689.301,0.20549829982907583
405,9,689.747,0.10051088563760015
405,9,690.193,0.18163799124954916
405,9,690.638,0.13398996445392708
405,9,691.084,0.08649416436446214
405,9,692.419,0.1393737960816634
405,9,692.864,0.185242278996142
405,9,727.706,-0.3891590336962904
405,9,729.017,-0.37714931519788586
405,9,731.2,-0.35445505097973534
405,9,732.072,0.2520371712757072
405,9,732.509,0.4561574790291707
405,9,733.38,-0.6172713485982384
405,9,735.559,0.3353008304010365
405,9,736.864,0.5441622429058117
405,9,737.734,0.9923290342863671
405,9,740.776,0.4160593203979545
405,9,741.21,0.21162347921637428
405,9,741.644,0.440835586934053
405,9,742.078,0.6185955683968271
405,9,742.946,0.4404237484742351
405,9,744.246,-0.3861175966696158
405,9,744.68,0.23147767227942734
405,9,745.113,-0.3984547858045833
405,9,745.546,0.1818628129081065
405,9,745.979,0.1981835406689369
405,9,747.278,0.38020394527356727
405,9,748.576,0.12879947001340694
405,9,749.008,0.47336912380785273
405,9,750.305,0.45288125218373715
405,9,750.737,0.06510218526531852
405,9,751.169,-0.47857001125357684
405,9,751.601,0.17918267555323464
405,9,752.464,-0.3968762699269793
405,9,752.896,-0.6306364776570809
405,9,753.758,-0.2409425524275887
405,9,755.052,-0.34598907180908284
405,9,755.483,0.2009921174220211
405,9,755.914,0.2688349825784646
405,9,756.775,0.40434790190423947
405,9,757.636,0.1372979021077709
405,9,758.066,0.005232825202661341
405,9,758.497,0.24777985080462267
405,9,758.927,0.49815215201050955
405,9,759.787,0.1779144000523654
405,9,760.647,0.12732487825080527
405,9,761.076,-0.4746270041179398
405,9,762.365,0.3039297406452142
405,9,763.223,0.5325723759887193
405,9,766.225,0.260603129971995
405,9,767.938,-0.38008619826619305
405,9,768.795,-0.4385735917161124
405,9,769.222,0.2229369118910485
405,9,769.65,0.22660443261765253
405,9,771.36,0.36878484701399694
405,9,773.496,-0.3793684562622871
405,9,774.349,-0.27615254043407905
405,9,774.776,-0.2888541071965927
405,9,775.629,0.09142069723780147
405,9,776.055,-0.3428578869990939
405,9,776.482,-0.30873009485433506
405,9,776.908,-0.3835253681638169
405,9,778.186,0.034832171872046076
405,9,782.864,0.11040433614504193
405,9,785.835,-0.4062957826929511
405,9,790.071,-0.49506824011116807
405,9,795.143,0.1402749185038364
405,9,797.673,0.22528173232629412
405,9,798.516,0.19042830811190561
405,9,798.937,0.17288437848256008
405,9,799.358,-0.34027399058561897
405,9,799.779,-0.21514895884700497
405,9,808.599,-0.2998900529633778
405,9,817.378,0.3629372185737504
405,9,818.629,0.15052048927126443
405,9,819.879,-0.24654220449961117
405,9,823.624,0.02935930439736858
405,9,833.987,0.06219965817852887
405,9,836.052,-0.27000463500327027
405,9,841.0,-0.3601180652877394
405,9,854.949,-0.5065469287704785
405,9,856.174,-0.3537411623366902
405,9,858.623,0.24061054353598882
405,9,860.661,0.18161013094948167
405,9,862.29,-0.3683486137324326
405,9,863.918,-0.2825506452937814
405,9,865.138,-0.4982972498092619
405,9,866.357,-0.2024544985653025
405,9,878.097,-0.28925135979601235
405,9,878.501,-0.34757860932905554
405,9,895.368,-0.20336350690473398
405,9,902.15,-0.3833710941439287
405,9,904.14,0.07681794245586022
405,9,905.333,-0.24842791000806239
405,9,908.907,0.3018740041264972
405,9,912.474,0.23141964080408214
405,9,916.034,-0.20108994984819137
405,9,926.672,0.2233359820399789
405,9,927.85,-0.26136711462159345
405,9,930.204,0.35983180292966327
405,9,930.988,0.24262161902886925
405,9,936.075,0.3074367160468037
405,9,936.856,0.20165372405493112
405,9,937.246,0.3545035590432216
405,9,938.027,0.31730650562533047
405,9,939.588,0.4675027409148061
405,9,940.368,0.09525206312371935
405,9,941.147,0.6537081982162003
405,9,941.537,0.6898160472039524
405,9,941.926,0.4476772408107383
405,9,942.315,0.5896469036445271
405,9,943.483,0.36141713201096487
405,9,944.261,0.30560719126051217
405,9,944.65,0.25332606878687464
405,9,945.039,0.36636351415121143
405,9,945.428,0.6185036249354104
405,9,946.205,0.46374069185528194
405,9,946.593,0.4822453462455405
405,9,946.982,0.6984816832415465
405,9,947.37,0.5550415061059645
405,9,947.758,0.5767789939267284
405,9,948.146,0.4589344244727922
405,9,948.922,0.375605999289682
405,9,949.698,0.6939822982334872
405,10,489.027,-0.2857415894821629
405,10,491.97,-0.30841014953646
405,10,494.419,-0.3363057326929279
405,10,498.821,-0.597745749699594
405,10,499.31,-0.7983957947945758
405,10,500.287,-0.4313703283331905
405,10,501.751,-0.32743272608937174
405,10,502.239,0.29283241780298686
405,10,502.727,-0.41151324056892385
405,10,503.215,-0.028314573654869495
405,10,504.19,-0.8785931256497974
405,10,505.164,0.7107756149811779
405,10,505.651,-0.10876146086325415
405,10,506.139,-0.21799252069557212
405,10,507.112,-0.07357538393557338
405,10,508.086,-0.07550135370187697
405,10,520.699,-0.028732278779180147
405,10,526.978,-0.0931321008235765
405,10,619.913,0.10445368565019131
405,10,620.836,0.15970978516706347
405,10,621.297,0.18859175538230846
405,10,624.982,0.19504960103680852
405,10,625.442,0.1868033420435102
405,10,630.497,0.19919153270395445
405,10,633.708,0.2146149709329896
405,10,635.54,0.17666734610793255
405,10,636.455,0.1474632698433264
405,10,642.396,0.10272195857498892
405,10,645.132,-0.1304438886982204
405,10,648.319,-0.2321633822238211
405,10,649.229,-0.2623198326202043
405,10,657.851,0.05491600492663081
405,10,658.757,0.09361243540334836
405,10,684.839,0.0009551127325636807
405,10,686.179,0.025909171558282262
405,10,687.071,-0.005079757378036969
405,10,687.518,0.08180160782737501
405,10,687.964,0.11309250670121372
405,10,688.41,0.15439680635064623
405,10,688.856,0.14153138910202956
405,10,689.301,0.20723993191379952
405,10,689.747,0.10222544325210539
405,10,690.193,0.18287716536215765
405,10,690.638,0.13490409084434457
405,10,691.084,0.08726514626632535
405,10,692.419,0.13963936045036573
405,10,692.864,0.18516352059771196
405,10,727.706,-0.40298970885774665
405,10,729.017,-0.3923726257429159
405,10,731.2,-0.37152043583954286
405,10,732.072,0.2351063936759436
405,10,732.509,0.4365583037586815
405,10,733.38,-0.6349426137435972
405,10,735.559,0.31605333386175544
405,10,736.864,0.525582109270421
405,10,737.734,0.9731907872675312
405,10,740.776,0.39833974481393164
405,10,741.21,0.195529321647891
405,10,741.644,0.42517822672028105
405,10,742.078,0.6017737206743022
405,10,742.946,0.4254952333504426
405,10,744.246,-0.3985764135442749
405,10,744.68,0.2164935509666565
405,10,745.113,-0.41010137346288666
405,10,745.546,0.16841672511637112
405,10,745.979,0.1848982507302404
405,10,747.278,0.36804960331599224
405,10,748.576,0.1175830607632634
405,10,749.008,0.46165726416260294
405,10,750.305,0.44245461010930365
405,10,750.737,0.05647399835043915
405,10,751.169,-0.48640282153343767
405,10,751.601,0.1701165491850875
405,10,752.464,-0.4045012024499438
405,10,752.896,-0.6369104956133839
405,10,755.052,-0.35160444291943754
405,10,755.483,0.1946208083181397
405,10,755.914,0.26223964353560425
405,10,756.775,0.39781774439114176
405,10,757.636,0.13103331724236517
405,10,758.066,-0.0009073255207527877
405,10,758.497,0.24293965044037777
405,10,758.927,0.4924588177496515
405,10,759.787,0.1736783282581999
405,10,760.647,0.12300794264459707
405,10,761.076,-0.4782538118142767
405,10,762.365,0.2998121138834394
405,10,763.223,0.527752456963542
405,10,766.225,0.2575199459746294
405,10,768.795,-0.439159534357297
405,10,769.222,0.22063567018219568
405,10,769.65,0.22428380908318998
405,10,771.36,0.36633250649615756
405,10,773.496,-0.37900389818390784
405,10,774.349,-0.27656632206111786
405,10,774.776,-0.2894123576171686
405,10,775.629,0.09089892110117112
405,10,776.055,-0.3421612335684207
405,10,776.908,-0.38293845191014353
405,10,778.186,0.03428651111802404
405,10,782.864,0.11047983299294616
405,10,785.835,-0.4044915328838989
405,10,790.071,-0.4923703505102459
405,10,795.143,0.14102950831313496
405,10,797.673,0.22673539958730501
405,10,798.516,0.19170940597412592
405,10,798.937,0.17413901771234855
405,10,799.358,-0.33763466107375384
405,10,799.779,-0.2128832419593495
405,10,808.599,-0.29712755490939025
405,10,817.378,0.3644301516275487
405,10,818.629,0.1522619644915207
405,10,819.879,-0.24375256535979833
405,10,823.624,0.03188050771275313
405,10,833.987,0.06452177936219727
405,10,836.052,-0.26640626567631315
405,10,841.0,-0.3563038808075667
405,10,854.949,-0.5021814991049713
405,10,856.174,-0.3497287565340929
405,10,858.623,0.24339539881935635
405,10,860.661,0.18453993431688684
405,10,862.29,-0.36390060509003863
405,10,863.918,-0.27821200919819206
405,10,865.138,-0.49359099851542
405,10,878.097,-0.2852071439280803
405,10,878.501,-0.3431980047728594
405,10,895.368,-0.19853136000416363
405,10,902.15,-0.3782799077644547
405,10,904.14,0.0806704087567048
405,10,905.333,-0.2437013990348983
405,10,908.907,0.3050764924456553
405,10,912.474,0.23519532283734645
405,10,916.034,-0.19645028307539866
405,10,926.672,0.22716498557372736
405,10,927.85,-0.25665576857917854
405,10,930.204,0.36332428877365075
405,10,930.988,0.24655115130999283
405,10,936.075,0.31102114700159134
405,10,937.246,0.35788841116353404
405,10,938.027,0.3209295411624467
405,10,939.588,0.4704839026944577
405,10,941.147,0.6564003978805214
405,10,941.537,0.6931922299313783
405,10,941.926,0.45045545345092086
405,10,942.315,0.5920237224242295
405,10,944.261,0.3094220848873677
405,10,944.65,0.25754317494232637
405,10,945.039,0.36976422636985873
405,10,945.428,0.6211771374532425
405,10,946.205,0.46705147971550104
405,10,946.593,0.48564690437013314
405,10,946.982,0.7010827102505024
405,10,947.37,0.5584002498610074
405,10,947.758,0.5796423067077549
405,10,948.146,0.4627605419764389
405,10,948.922,0.3794295470417762
405,10,949.698,0.6968242256460473
405,11,489.027,-0.30796160182390364
405,11,491.97,-0.33267686142906144
405,11,498.821,-0.6364142670961462
405,11,499.31,-0.8529878183579547
405,11,500.287,-0.45371789094506026
405,11,501.751,-0.3346584986440956
405,11,502.239,0.33015410264180556
405,11,502.727,-0.4221729344390376
405,11,503.215,-0.007225861157286279
405,11,504.19,-0.923577013260347
405,11,505.164,0.7854179248031976
405,11,505.651,-0.09568400594854821
405,11,506.139,-0.21399876987972472
405,11,507.112,-0.061618476389082515
405,11,508.086,-0.06544651159599392
405,11,520.699,-0.023993183476728182
405,11,619.913,0.11650014863706697
405,11,620.836,0.17554479867171066
405,11,621.297,0.2067181124320294
405,11,624.982,0.21353142907334188
405,11,625.442,0.20433596410831537
405,11,630.497,0.21762582892172444
405,11,635.54,0.1930038258452237
405,11,636.455,0.16138477064361217
405,11,642.396,0.1121898065601057
405,11,645.132,-0.13968601921857496
405,11,649.229,-0.2863646152167244
405,11,658.757,0.08608730015446332
405,11,684.839,-0.01697664396606884
405,11,686.179,0.007413586248799588
405,11,687.071,-0.026311883473947452
405,11,687.518,0.06720796474054155
405,11,687.964,0.10248268173255852
405,11,688.41,0.14924497023948596
405,11,688.856,0.1362019369735346
405,11,689.301,0.21000989297629274
405,11,689.747,0.09979947879602968
405,11,690.193,0.18811235191394973
405,11,690.638,0.13896148179669868
405,11,691.084,0.08976773781667288
405,11,692.419,0.1487642613800064
405,11,692.864,0.1982828514842317
405,11,727.706,-0.4157068717287597
405,11,729.017,-0.4038694694448686
405,11,731.2,-0.3833749325607776
405,11,732.072,0.2649201533584425
405,11,732.509,0.4827519899140817
405,11,733.38,-0.6692312257856226
405,11,735.559,0.3504543404413737
405,11,736.864,0.5739248571715675
405,11,737.734,1.0527070556204507
405,11,740.776,0.43270077949024
405,11,741.21,0.21208872779440605
405,11,741.644,0.4597419951206019
405,11,742.078,0.646904098105813
405,11,742.946,0.45695035051035343
405,11,744.246,-0.42948616461878925
405,11,745.113,-0.4437976678216821
405,11,745.546,0.1774009849442585
405,11,745.979,0.19499780072995432
405,11,747.278,0.3904646095960871
405,11,748.576,0.12159519736553724
405,11,749.008,0.48841517767574844
405,11,750.305,0.4683899017069782
405,11,750.737,0.05377335943871667
405,11,751.169,-0.5291533110523534
405,11,751.601,0.17451753229655564
405,11,752.464,-0.4430606177154472
405,11,752.896,-0.693232656334441
405,11,755.052,-0.38731498547717264
405,11,755.483,0.19932376474298907
405,11,755.914,0.2723478827768601
405,11,756.775,0.417357147490488
405,11,757.636,0.1296185419554986
405,11,758.066,-0.012441226357790325
405,11,758.497,0.2486902485260862
405,11,758.927,0.5191278097289139
405,11,759.787,0.1765650615404044
405,11,760.647,0.12021385355294244
405,11,761.076,-0.5252563492651235
405,11,762.365,0.3108799221405334
405,11,763.223,0.5537353993944676
405,11,766.225,0.2635840153568179
405,11,768.795,-0.4831737021069526
405,11,769.222,0.22420591507041618
405,11,769.65,0.22870956744327803
405,11,771.36,0.38053184821087477
405,11,773.496,-0.4201510067291127
405,11,774.776,-0.3235247396587872
405,11,776.055,-0.37991016660846433
405,11,776.908,-0.42437232223522864
405,11,778.186,0.02322600745946143
405,11,782.864,0.10486725573148535
405,11,785.835,-0.44741061796145304
405,11,790.071,-0.5415723029040274
405,11,795.143,0.13821197431329213
405,11,797.673,0.22994479092969622
405,11,798.516,0.1924396129988393
405,11,798.937,0.17338679950748206
405,11,799.358,-0.3759820495557868
405,11,799.779,-0.24162351157077586
405,11,808.599,-0.33281669142961134
405,11,817.378,0.3785495950971108
405,11,818.629,0.15042462429666378
405,11,819.879,-0.2748561101428157
405,11,823.624,0.020530997385104475
405,11,833.987,0.0543320717257774
405,11,836.052,-0.29993544264848476
405,11,841.0,-0.3974039768984353
405,11,854.949,-0.5531681567618301
405,11,856.174,-0.38957441132994997
405,11,858.623,0.2475811306418208
405,11,860.661,0.1851999040280432
405,11,862.29,-0.40545245288208387
405,11,865.138,-0.5440184235406862
405,11,878.097,-0.3200261500530655
405,11,878.501,-0.3823974114588137
405,11,895.368,-0.22756075622967578
405,11,902.15,-0.4192717274543121
405,11,905.333,-0.2747336596080374
405,11,908.907,0.3144902595669902
405,11,912.474,0.2400807114479167
405,11,916.034,-0.22437745988415247
405,11,926.672,0.23015153870677887
405,11,927.85,-0.28897932366939244
405,11,930.204,0.37773585677341304
405,11,930.988,0.25207717968886406
405,11,936.075,0.32038755899741833
405,11,937.246,0.37287764563521497
405,11,938.027,0.3329928639745096
405,11,939.588,0.4939601514589497
405,11,941.147,0.6933257392505155
405,11,941.537,0.7324725865909881
405,11,941.926,0.47147152890219096
405,11,942.315,0.6237982686675917
405,11,944.261,0.31860240472815304
405,11,944.65,0.2626297456874753
405,11,945.039,0.38436105633462736
405,11,945.428,0.6560406365741424
405,11,946.205,0.489421567915526
405,11,946.593,0.5087613241760712
405,11,946.982,0.7403566396145449
405,11,947.37,0.5874946647210082
405,11,947.758,0.6098799078331697
405,11,948.146,0.4837138378920908
405,11,948.922,0.3917821002603258
405,11,949.698,0.7361744519482728
405,12,489.027,-0.3100098959508354
405,12,491.97,-0.3342001617842498
405,12,498.821,-0.6303047448538877
405,12,499.31,-0.8469961134782377
405,12,500.287,-0.4411827604137887
405,12,501.751,-0.31623551355381374
405,12,502.727,-0.4016524757400784
405,12,503.215,0.016249636925534328
405,12,504.19,-0.9065220655923879
405,12,505.164,0.8073834056281386
405,12,505.651,-0.07994880626632675
405,12,506.139,-0.19875307041568172
405,12,507.112,-0.04888812702829563
405,12,508.086,-0.055283318101880204
405,12,620.836,0.1803586349684871
405,12,621.297,0.2117173150836259
405,12,624.982,0.218894717763412
405,12,625.442,0.20952455519750018
405,12,630.497,0.22309379620212405
405,12,635.54,0.19881348898720716
405,12,645.132,-0.13073681470673054
405,12,649.229,-0.27447340023779426
405,12,658.757,0.10149018604169345
405,12,684.839,-0.023473468067894448
405,12,686.179,0.001165223905849784
405,12,687.071,-0.03191116446506214
405,12,687.518,0.06229511725579886
405,12,687.964,0.0992086419516578
405,12,688.41,0.1470746737468585
405,12,688.856,0.13442149454685645
405,12,689.301,0.2095144329445507
405,12,689.747,0.0993194168671311
405,12,690.193,0.18878140453899217
405,12,690.638,0.14004665158457258
405,12,691.084,0.09061722678968016
405,12,692.864,0.19969282506323213
405,12,727.706,-0.43856190391069183
405,12,729.017,-0.42724696985681176
405,12,731.2,-0.40846697400760096
405,12,732.072,0.24276551812891098
405,12,732.509,0.46375895329177014
405,12,733.38,-0.6980206929628588
405,12,735.559,0.33164961915246133
405,12,736.864,0.5563280957446892
405,12,737.734,1.0406439457264032
405,12,740.776,0.4185557046644493
405,12,741.21,0.19749454371259148
405,12,741.644,0.4450900919237116
405,12,742.078,0.6348226126071497
405,12,742.946,0.4443102549250275
405,12,744.246,-0.44793842940242384
405,12,745.113,-0.4587142437372421
405,12,745.546,0.16827664545802593
405,12,745.979,0.18346580166985843
405,12,747.278,0.3822990273103132
405,12,748.576,0.11074496241564608
405,12,749.008,0.48097660401527204
405,12,750.305,0.4618817434636392
405,12,750.737,0.04580460768230497
405,12,751.169,-0.5409371878305961
405,12,751.601,0.1680988806793623
405,12,752.464,-0.45361303740512143
405,12,752.896,-0.704748595509922
405,12,755.052,-0.39596647052173983
405,12,755.483,0.19432984724489197
405,12,755.914,0.26742011267751614
405,12,756.775,0.4145145135854809
405,12,758.066,-0.01801035457692809
405,12,758.497,0.24440385755275917
405,12,758.927,0.5163250259000839
405,12,759.787,0.17273971142857952
405,12,760.647,0.1164938729131275
405,12,761.076,-0.5324939317386053
405,12,762.365,0.3089558906738442
405,12,763.223,0.5529594507007838
405,12,766.225,0.26230333298039904
405,12,768.795,-0.4874769768943631
405,12,769.222,0.22199894687655314
405,12,769.65,0.22681685118376393
405,12,771.36,0.3797506449652699
405,12,773.496,-0.42493717840253115
405,12,774.776,-0.3265732353610356
405,12,776.055,-0.38221981799912386
405,12,776.908,-0.42809642910963586
405,12,778.186,0.022388401894710024
405,12,782.864,0.10446715050851853
405,12,785.835,-0.4501541370930128
405,12,790.071,-0.5436698465806411
405,12,795.143,0.13852968280305186
405,12,797.673,0.23095736045760426
405,12,798.937,0.17354697693160695
405,12,799.358,-0.3776218948094723
405,12,799.779,-0.24300631725981559
405,12,808.599,-0.3341777069868655
405,12,817.378,0.3807912142841645
405,12,818.629,0.15080564562570975
405,12,819.879,-0.2753121447063132
405,12,836.052,-0.3008256516894482
405,12,841.0,-0.3991158105030549
405,12,854.949,-0.5561505326595763
405,12,856.174,-0.39076649313815803
405,12,860.661,0.1864640680658211
405,12,862.29,-0.4069899067133936
405,12,865.138,-0.5465240090994099
405,12,878.097,-0.32053359078948074
405,12,878.501,-0.3825416158766035
405,12,902.15,-0.42080821241673444
405,12,905.333,-0.275181862712869
405,12,908.907,0.316273033746062
405,12,916.034,-0.22537695702151894
405,12,926.672,0.23095510040084835
405,12,927.85,-0.29006959892356066
405,12,930.204,0.3784836562730748
405,12,930.988,0.2528570337388437
405,12,936.075,0.31978253919087557
405,12,937.246,0.3731889928105183
405,12,938.027,0.3334771082184252
405,12,939.588,0.4942250096118625
405,12,941.147,0.6947695536311632
405,12,941.537,0.7348778770657288
405,12,941.926,0.46981302600509245
405,12,942.315,0.6233832792931787
405,12,944.261,0.31685618734635584
405,12,944.65,0.26183935980589446
405,12,945.039,0.3825274237332337
405,12,945.428,0.6563926640577651
405,12,946.205,0.4887655108172726
405,12,946.593,0.5075945634107527
405,12,946.982,0.7412984179303592
405,12,947.37,0.5864682484899258
405,12,947.758,0.609771635378626
405,12,948.146,0.4829865252169443
405,12,948.922,0.3894321518264968
405,12,949.698,0.736015815268794
405,13,489.027,-0.3225601015993576
405,13,491.97,-0.34753595172903634
405,13,498.821,-0.6448521727750524
405,13,499.31,-0.8661358208471392
405,13,500.287,-0.4459781545512508
405,13,501.751,-0.307156599788871
405,13,502.727,-0.3918680388091213
405,13,503.215,0.040622374947070224
405,13,504.19,-0.9044147352403296
405,13,505.164,0.8560148892973392
405,13,505.651,-0.055405134685591814
405,13,506.139,-0.1770996713098347
405,13,507.112,-0.027293637087785996
405,13,508.086,-0.035972113674781085
405,13,625.442,0.22414054429452
405,13,630.497,0.23800095736213855
405,13,635.54,0.21322876803721807
405,13,649.229,-0.272532589024879
405,13,658.757,0.10364727816759867
405,13,684.839,-0.040101139250503626
405,13,686.179,-0.014735342332724171
405,13,687.071,-0.0470546483339682
405,13,687.518,0.05093513909476526
405,13,687.964,0.09102212182153091
405,13,688.41,0.14250731164207928
405,13,688.856,0.13146102229116785
405,13,689.301,0.21135780089795397
405,13,689.747,0.10041816828090525
405,13,690.193,0.19362446328512103
405,13,690.638,0.14524134582979606
405,13,691.084,0.09573891388176721
405,13,692.864,0.20918442364774154
405,13,727.706,-0.43958074780301853
405,13,729.017,-0.4282135606784615
405,13,731.2,-0.41089152404352347
405,13,732.072,0.252889971141263
405,13,732.509,0.4803111140656011
405,13,733.38,-0.7127021804594501
405,13,735.559,0.3403058700241159
405,13,736.864,0.5681237438329941
405,13,737.734,1.0655174633282054
405,13,740.776,0.4233097061019556
405,13,741.21,0.1939833033993129
405,13,741.644,0.4473717934330664
405,13,742.078,0.6412843362574286
405,13,742.946,0.4453418948720754
405,13,744.246,-0.47188007638317864
405,13,745.113,-0.48343873248257163
405,13,745.546,0.16097848516004565
405,13,745.979,0.17522137175011562
405,13,747.278,0.3768103970908988
405,13,749.008,0.4773895863537909
405,13,750.305,0.45595014309302345
405,13,750.737,0.02901537061379939
405,13,751.169,-0.5716889352440819
405,13,751.601,0.15441788331693676
405,13,752.464,-0.48361057556706183
405,13,752.896,-0.7412631555441561
405,13,755.052,-0.4260107787470124
405,13,755.483,0.1795252232886591
405,13,755.914,0.25484738030023546
405,13,756.775,0.4064785111599696
405,13,758.066,-0.039525879068003214
405,13,758.497,0.22914411579630906
405,13,758.927,0.5098149404016294
405,13,759.787,0.15598912145301935
405,13,761.076,-0.567029600992219
405,13,762.365,0.2961460091545379
405,13,763.223,0.545199671952833
405,13,766.225,0.24699496657347417
405,13,768.795,-0.5208635940215692
405,13,769.222,0.20562806814720977
405,13,769.65,0.21057954484315008
405,13,771.36,0.3678536839852092
405,13,773.496,-0.4579238382989461
405,13,774.776,-0.35570000635197235
405,13,776.055,-0.41312025886685366
405,13,776.908,-0.460936772118635
405,13,778.186,0.0006045582032497659
405,13,782.864,0.08420012869258257
405,13,785.835,-0.48257611507769876
405,13,790.071,-0.5782535437278873
405,13,795.143,0.12098289404724467
405,13,797.673,0.214859347969739
405,13,798.937,0.15573643629330108
405,13,799.358,-0.40789921983510113
405,13,799.779,-0.2705877336233295
405,13,808.599,-0.36374930779752174
405,13,817.378,0.3686776079714898
405,13,818.629,0.13320362313926837
405,13,819.879,-0.3022916744044437
405,13,836.052,-0.3291772786085572
405,13,841.0,-0.4302347101690311
405,13,854.949,-0.5906739252838926
405,13,856.174,-0.4209062533143259
405,13,860.661,0.1711063126326835
405,13,865.138,-0.5803020412730634
405,13,878.097,-0.34827920127945367
405,13,878.501,-0.41133215248829036
405,13,902.15,-0.449712532211251
405,13,905.333,-0.300292667338175
405,13,908.907,0.30508746804526526
405,13,916.034,-0.2492178229844721
405,13,926.672,0.216851384629065
405,13,927.85,-0.31496145040360485
405,13,930.204,0.3698886267579118
405,13,930.988,0.24073147583024132
405,13,936.075,0.30793624333727876
405,13,937.246,0.36520224457609946
405,13,938.027,0.32424815441205385
405,13,939.588,0.4894726434464233
405,13,941.147,0.6951773767383737
405,13,941.537,0.7358224567846052
405,13,941.926,0.4641402209725778
405,13,942.315,0.6212875224173688
405,13,944.261,0.30550250477915886
405,13,944.65,0.24930066310772722
405,13,945.039,0.37464565585540505
405,13,945.428,0.6568589892143558
405,13,946.205,0.4836745908965814
405,13,946.593,0.5015659177540502
405,13,946.982,0.7424298437335684
405,13,947.37,0.5823740272117468
405,13,947.758,0.607970793816738
405,13,948.146,0.47602646386209796
405,13,948.922,0.37864672445962017
405,13,949.698,0.7366053849575276
405,14,489.027,-0.3484145797167862
405,14,498.821,-0.6833498159438616
405,14,499.31,-0.9178385965718096
405,14,500.287,-0.46553196902394295
405,14,501.751,-0.30984275027363706
405,14,502.727,-0.3901439985593442
405,14,503.215,0.06867728423014562
405,14,504.19,-0.933944372088351
405,14,505.164,0.9396722258071467
405,14,505.651,-0.03243365203099666
405,14,506.139,-0.16088126195459918
405,14,507.112,-0.005658525200783111
405,14,508.086,-0.016288971506105143
405,14,625.442,0.24838980508707204
405,14,630.497,0.26340631327618574
405,14,635.54,0.23768003082253542
405,14,649.229,-0.2733022597661514
405,14,658.757,0.11925516368581314
405,14,684.839,-0.060309558292150525
405,14,686.179,-0.03357324334422559
405,14,687.071,-0.06658869069875992
405,14,687.518,0.03834066639821495
405,14,687.964,0.08395618967159309
405,14,688.41,0.14120467616057197
405,14,688.856,0.13186178413654157
405,14,689.301,0.21983962453344322
405,14,689.747,0.10395820438879713
405,14,690.193,0.20506865632962337
405,14,690.638,0.1557155322120514
405,14,691.084,0.10376583469004659
405,14,692.864,0.22623216912946642
405,14,729.017,-0.4611504106682786
405,14,731.2,-0.4471412200331795
405,14,732.072,0.2542712068695271
405,14,732.509,0.4982971321089048
405,14,733.38,-0.7752076838811849
405,14,735.559,0.344284720377439
405,14,736.864,0.5860966182535706
405,14,737.734,1.1167700813547785
405,14,740.776,0.42975850762767975
405,14,741.21,0.18421345706057257
405,14,741.644,0.4547350397522629
405,14,742.078,0.6600270306562377
405,14,742.946,0.45193293147677055
405,14,744.246,-0.527876471984647
405,14,745.113,-0.5367616444015972
405,14,745.546,0.15087055945118322
405,14,745.979,0.16335676689359802
405,14,747.278,0.3783819268345091
405,14,749.008,0.48495671021656994
405,14,750.305,0.461280861091804
405,14,751.169,-0.6314751455677412
405,14,751.601,0.1407965248748842
405,14,752.464,-0.5383957836985844
405,14,752.896,-0.8130818784871517
405,14,755.052,-0.4763772088055741
405,14,755.483,0.16821520272963494
405,14,755.914,0.24908377517918845
405,14,756.775,0.41173661781136256
405,14,758.066,-0.06527581305604035
405,14,758.497,0.22177154872493082
405,14,758.927,0.5206148028010346
405,14,759.787,0.14408713879214613
405,14,761.076,-0.6253450176965027
405,14,762.365,0.29462434607932836
405,14,763.223,0.5582967992240511
405,14,766.225,0.24225535866412026
405,14,768.795,-0.5733893293534005
405,14,769.222,0.1976949881450595
405,14,769.65,0.2032131774804525
405,14,771.36,0.37122333674537256
405,14,773.496,-0.5076487177502722
405,14,774.776,-0.3967253572049841
405,14,776.055,-0.45734449531329535
405,14,778.186,-0.01896088576162112
405,14,782.864,0.07038948586948979
405,14,785.835,-0.5305911758798527
405,14,790.071,-0.6316269125696368
405,14,795.143,0.11138178752802065
405,14,797.673,0.21065918689100335
405,14,799.358,-0.4498534477286794
405,14,799.779,-0.30510690740619684
405,14,808.599,-0.4035652486524044
405,14,817.378,0.3750931921320165
405,14,818.629,0.1247328958309316
405,14,819.879,-0.33617169828598964
405,14,841.0,-0.4731887282166899
405,14,854.949,-0.6439796421149242
405,14,856.174,-0.4625909111823673
405,14,860.661,0.1669656615898492
405,14,865.138,-0.631807996990394
405,14,878.097,-0.38456082096090494
405,14,878.501,-0.45093139822289063
405,14,902.15,-0.49099454141110405
405,14,905.333,-0.33175998728513484
405,14,908.907,0.31037568598409837
405,14,916.034,-0.277495623358565
405,14,926.672,0.21548437345116778
405,14,927.85,-0.3471299772581896
405,14,930.204,0.3800774429161354
405,14,930.988,0.24272620861698888
405,14,936.075,0.3117209234825692
405,14,937.246,0.37604762627846877
405,14,938.027,0.3318160349944686
405,14,939.588,0.5076758312738819
405,14,941.147,0.7266174889793314
405,14,941.537,0.7698680781764101
405,14,941.926,0.47903966086378114
405,14,942.315,0.6462335748914564
405,14,944.261,0.30911219866916617
405,14,944.65,0.2506904678821067
405,14,945.039,0.38376129442517937
405,14,945.428,0.6860411021628803
405,14,946.205,0.5007971618912782
405,14,946.593,0.5180347819612907
405,14,946.982,0.7756956653278463
405,14,947.37,0.6036074239693322
405,14,947.758,0.6330757260780919
405,14,948.146,0.4913257654809796
405,14,948.922,0.38577420551656877
405,14,949.698,0.7686606574823757
405,15,489.027,-0.16515020481265705
405,15,498.821,-0.4401012330199464
405,15,499.31,-0.5513785621763418
405,15,500.287,-0.4032562024171444
405,15,501.751,-0.23211336635930646
405,15,502.727,-0.4413889156326288
405,15,503.215,-0.2882135987578511
405,15,504.19,-0.9399922576193467
405,15,505.164,0.431685409683602
405,15,505.651,-0.13408729730148658
405,15,506.139,-0.4034484549401843
405,15,507.112,-0.14280576379628362
405,15,508.086,-0.25596573849519844
405,15,625.442,0.13370236254179518
405,15,630.497,0.1503152055500234
405,15,658.757,0.08659542737536295
405,15,684.839,0.08134825691529834
405,15,686.179,0.1264674207655559
405,15,687.071,0.07996296111822117
405,15,687.518,0.18787796943037058
405,15,687.964,0.1721463351364061
405,15,688.41,0.19277768873114426
405,15,688.856,0.19309318211495713
405,15,689.301,0.23735832235641294
405,15,689.747,0.14641464154490275
405,15,690.193,0.18378420282045707
405,15,690.638,0.10344122301182733
405,15,691.084,0.10932488848828863
405,15,692.864,0.16232585421551488
405,15,729.017,-0.1948090852259547
405,15,732.072,0.17922066835392583
405,15,732.509,0.18369296315959482
405,15,733.38,-0.1906940915996592
405,15,735.559,0.2241622161784119
405,15,736.864,0.2474105055854946
405,15,737.734,0.4455404405908299
405,15,740.776,0.21413515031754335
405,15,741.21,0.13404590278992992
405,15,741.644,0.3259881597044546
405,15,742.078,0.34010090510135055
405,15,742.946,0.3239413659709458
405,15,744.246,-0.168413277882093
405,15,745.113,-0.2702515308259163
405,15,745.546,0.046493192484147294
405,15,745.979,0.1618669120707841
405,15,747.278,0.1270184127480352
405,15,749.008,0.37076783599830065
405,15,750.305,0.2712288986079788
405,15,751.169,-0.35799625019795406
405,15,751.601,0.026511666130990902
405,15,752.464,-0.3281076096627318
405,15,752.896,-0.45108228020447005
405,15,755.052,-0.2687458162695924
405,15,755.483,0.12480620325201491
405,15,755.914,0.2774803503740974
405,15,756.775,0.28383588694072714
405,15,758.066,0.04435531239466199
405,15,758.497,0.12219743871283745
405,15,758.927,0.4239185353199767
405,15,759.787,0.08824938999856655
405,15,761.076,-0.3454160243021773
405,15,762.365,0.17273003885734362
405,15,763.223,0.37248042539315196
405,15,766.225,0.17825464844115352
405,15,768.795,-0.3960953105640551
405,15,769.222,0.21953853090492703
405,15,769.65,0.2077810081590505
405,15,771.36,0.2899558822503196
405,15,773.496,-0.276277905215595
405,15,774.776,-0.20588505708534455
405,15,776.055,-0.3315891242035692
405,15,778.186,0.01367726052468533
405,15,782.864,0.07708629985641306
405,15,785.835,-0.3547219465815953
405,15,790.071,-0.44313491175365216
405,15,795.143,0.16624639726490917
405,15,797.673,0.17119712314022711
405,15,799.358,-0.28221229519726926
405,15,799.779,-0.18885631959580246
405,15,808.599,-0.23904146967879347
405,15,817.378,0.2801525751372233
405,15,818.629,0.17536967743607268
405,15,819.879,-0.17639329980226545
405,15,841.0,-0.2298656301863239
405,15,854.949,-0.25671196362914733
405,15,856.174,-0.192380668171471
405,15,860.661,0.16146809934400636
405,15,865.138,-0.27258536940055494
405,15,878.097,-0.14109468622071314
405,15,878.501,-0.19893935975314603
405,15,902.15,-0.1970192979056272
405,15,908.907,0.22377590614783047
405,15,916.034,-0.1305755325407996
405,15,926.672,0.1858256909563449
405,15,927.85,-0.15101255770808816
405,15,930.204,0.23340363172323514
405,15,936.075,0.2342115135938008
405,15,937.246,0.24227601471407878
405,15,938.027,0.17385585012919405
405,15,939.588,0.2817696707894007
405,15,941.147,0.3778566415064941
405,15,941.537,0.3595522048853837
405,15,941.926,0.33677512203184806
405,15,942.315,0.4138999286268552
405,15,944.261,0.18303210662058045
405,15,944.65,0.13098030795701754
405,15,945.039,0.2847748061992385
405,15,945.428,0.3745435874433728
405,15,946.205,0.2746942006766077
405,15,946.593,0.24881774809691615
405,15,946.982,0.41918715334323026
405,15,947.37,0.32824471919245224
405,15,947.758,0.3103510592121353
405,15,948.146,0.2705532393540577
405,15,948.922,0.1788320354280598
405,15,949.698,0.4438276758146728
405,16,489.027,-0.3741126027834433
405,16,498.821,-0.7070160560838807
405,16,499.31,-0.9616564897860074
405,16,500.287,-0.4497869959027907
405,16,501.751,-0.2614226743208836
405,16,502.727,-0.3441614465143583
405,16,503.215,0.1651351997468416
405,16,504.19,-0.959771474164066
405,16,505.164,1.0947540471177966
405,16,505.651,0.0220189315826759
405,16,506.139,-0.1257109812061686
405,16,507.112,0.03427490571319313
405,16,508.086,0.01417660156556715
405,16,625.442,0.2742663527628377
405,16,630.497,0.29078216122377376
405,16,658.757,0.12865042557747988
405,16,686.179,-0.07583389965767717
405,16,687.071,-0.1152931798891548
405,16,687.518,-0.0005882357173573984
405,16,687.964,0.05246984694996114
405,16,688.41,0.11855384877548375
405,16,688.856,0.10799007848741819
405,16,689.301,0.20971605914197544
405,16,689.747,0.0862308422345188
405,16,690.193,0.20078020863382764
405,16,690.638,0.15048717373583664
405,16,691.084,0.09722722430655245
405,16,692.864,0.237747036301781
405,16,729.017,-0.5060386475536038
405,16,732.072,0.28142942752526795
405,16,732.509,0.5580078474305955
405,16,733.38,-0.8455522039768338
405,16,735.559,0.39499607008351956
405,16,736.864,0.6611074908098132
405,16,737.734,1.244902036629391
405,16,740.776,0.4963831279048928
405,16,741.21,0.22295123801949154
405,16,742.078,0.7459881635845907
405,16,742.946,0.5189996426957383
405,16,744.246,-0.5613405049264638
405,16,745.113,-0.5678595713492639
405,16,745.546,0.18796388107702705
405,16,745.979,0.19982084131525193
405,16,747.278,0.43600882346110065
405,16,749.008,0.5484881975813588
405,16,750.305,0.5267340618358726
405,16,751.169,-0.673080726586983
405,16,751.601,0.1709941062055336
405,16,752.464,-0.5751800146348834
405,16,752.896,-0.8779679381785755
405,16,755.052,-0.5098440273439981
405,16,755.914,0.2884927001392578
405,16,756.775,0.4680850099856782
405,16,758.066,-0.058794813246141046
405,16,758.497,0.2529245004972172
405,16,758.927,0.5867008027659507
405,16,759.787,0.17095136848657302
405,16,761.076,-0.6756362619088524
405,16,762.365,0.33569317228284823
405,16,763.223,0.6202717396930404
405,16,766.225,0.2746211285549827
405,16,768.795,-0.6190269787096206
405,16,769.222,0.22452539564637297
405,16,769.65,0.2331370398983411
405,16,771.36,0.4139309728675628
405,16,773.496,-0.5516068093351184
405,16,774.776,-0.42763159434890946
405,16,776.055,-0.4950327386927986
405,16,782.864,0.08110103312178925
405,16,785.835,-0.5784835050761107
405,16,790.071,-0.6901721465319314
405,16,799.358,-0.49282969495988965
405,16,799.779,-0.33358367877208206
405,16,808.599,-0.4429676435600941
405,16,817.378,0.4146414659331663
405,16,818.629,0.13862194848573323
405,16,819.879,-0.36870287826019243
405,16,841.0,-0.5246092751380482
405,16,854.949,-0.7133202253175432
405,16,856.174,-0.5124451412469533
405,16,865.138,-0.7000914349715733
405,16,878.097,-0.42736230985236406
405,16,878.501,-0.49990821064829427
405,16,902.15,-0.546374177889017
405,16,908.907,0.3345844834512537
405,16,916.034,-0.3139988122238909
405,16,926.672,0.22828107181819496
405,16,927.85,-0.3904730081469726
405,16,930.204,0.40922740979251016
405,16,936.075,0.3313936416895532
405,16,937.246,0.4036654898305298
405,16,938.027,0.3554620259160819
405,16,939.588,0.5481600773976298
405,16,941.147,0.7878194012129789
405,16,941.537,0.8374061038701933
405,16,941.926,0.5130905912728683
405,16,942.315,0.6977864485863646
405,16,944.261,0.3247878171736585
405,16,944.65,0.26077618246214174
405,16,945.039,0.4071325378636579
405,16,945.428,0.7415702132949064
405,16,946.205,0.5376821891983711
405,16,946.593,0.5543346899141779
405,16,946.982,0.8398737882239287
405,16,947.37,0.6499591627481317
405,16,947.758,0.6815668069534554
405,16,948.146,0.5260226624771002
405,16,948.922,0.40446108371891926
405,16,949.698,0.8308575320090232
405,17,489.027,-0.38058316744500753
405,17,498.821,-0.7113342977085071
405,17,499.31,-0.967535930715728
405,17,500.287,-0.4470977318369386
405,17,501.751,-0.2587028376446825
405,17,502.727,-0.3372233563158973
405,17,503.215,0.17613320402183857
405,17,504.19,-0.9533868240481944
405,17,505.164,1.1157774810809347
405,17,505.651,0.029866355930386067
405,17,506.139,-0.12009932136820455
405,17,507.112,0.04271087439230255
405,17,508.086,0.021675970178274093
405,17,625.442,0.2803199474915583
405,17,630.497,0.29727042118050195
405,17,658.757,0.1420403026785579
405,17,686.179,-0.06399119839050287
405,17,687.071,-0.10112277029439706
405,17,687.518,0.01589195475597662
405,17,687.964,0.06992870919236234
405,17,688.41,0.13660022380443634
405,17,689.301,0.22668142269520827
405,17,689.747,0.10046359070975176
405,17,690.193,0.21484639427701546
405,17,690.638,0.16286506213811916
405,17,691.084,0.10753379463248046
405,17,692.864,0.2461549796893653
405,17,729.017,-0.510895657022735
405,17,732.072,0.2844129312592426
405,17,732.509,0.5649927156492296
405,17,733.38,-0.8539006697349598
405,17,735.559,0.401443038876774
405,17,736.864,0.6683770583080341
405,17,737.734,1.2600938794287462
405,17,740.776,0.5042000365800297
405,17,741.21,0.2300747467296503
405,17,742.078,0.7558512918282946
405,17,742.946,0.5231287449003085
405,17,744.246,-0.5659000571581346
405,17,745.113,-0.5723471177879569
405,17,745.546,0.1953353744887522
405,17,745.979,0.20425116036185223
405,17,747.278,0.4432905053856524
405,17,749.008,0.5532692877771854
405,17,750.305,0.5338132950872574
405,17,751.169,-0.6790902064440866
405,17,751.601,0.1760003293760789
405,17,752.464,-0.5804319720889327
405,17,752.896,-0.8850751028187507
405,17,755.052,-0.5147980571515189
405,17,755.914,0.2893254183061821
405,17,756.775,0.47249741409593626
405,17,758.066,-0.05901960822476781
405,17,758.497,0.2530270007315564
405,17,758.927,0.5893713974497661
405,17,759.787,0.17065813977306601
405,17,761.076,-0.6837866083715304
405,17,762.365,0.33734467399954643
405,17,763.223,0.6249184569639152
405,17,766.225,0.2753205608493255
405,17,768.795,-0.6264623804425554
405,17,769.222,0.22262100689817652
405,17,769.65,0.23288370317609883
405,17,771.36,0.4139265771475618
405,17,773.496,-0.5611312034732903
405,17,774.776,-0.4360049764933449
405,17,776.055,-0.501875959117701
405,17,782.864,0.07856103193932408
405,17,785.835,-0.5889333924035719
405,17,790.071,-0.6995122735923319
405,17,799.358,-0.5024553472707146
405,17,799.779,-0.34180952623519484
405,17,808.599,-0.45223167276886334
405,17,817.378,0.41337712013073574
405,17,818.629,0.13366857435878235
405,17,819.879,-0.37816672363105247
405,17,841.0,-0.5353827523977601
405,17,854.949,-0.7268836417733725
405,17,856.174,-0.5235535828514122
405,17,865.138,-0.7136351471624304
405,17,878.097,-0.43720459279947443
405,17,878.501,-0.5098265481755478
405,17,902.15,-0.5592900411792028
405,17,908.907,0.330064923004457
405,17,916.034,-0.32545694563294225
405,17,926.672,0.2230333835119016
405,17,930.204,0.4035302463595574
405,17,936.075,0.3250736766034181
405,17,937.246,0.3965436719573851
405,17,938.027,0.34975971273899875
405,17,939.588,0.5433273532291354
405,17,941.147,0.7857894053842605
405,17,941.537,0.8379775066921487
405,17,941.926,0.5065593319589086
405,17,942.315,0.69339924549963
405,17,944.261,0.31868075785372807
405,17,944.65,0.2542224370009376
405,17,945.039,0.3997403993689161
405,17,945.428,0.7377367051029619
405,17,946.205,0.5327658763772318
405,17,946.593,0.549361036394109
405,17,946.982,0.8387320709640141
405,17,947.37,0.6469986323363508
405,17,947.758,0.6774635256315471
405,17,948.146,0.5213311164157299
405,17,948.922,0.39786599924284266
405,17,949.698,0.8291075919417398
405,18,489.027,-0.39441874460416865
405,18,498.821,-0.7269094401740432
405,18,499.31,-0.9926443336214558
405,18,500.287,-0.446732365251124
405,18,501.751,-0.2401900216474464
405,18,502.727,-0.3218825530706796
405,18,503.215,0.2153638188891153
405,18,504.19,-0.9678228761205974
405,18,505.164,1.1878372949388423
405,18,505.651,0.05550983729933481
405,18,506.139,-0.10396624143962355
405,18,507.112,0.06188954455646045
405,18,508.086,0.035512889622586176
405,18,625.442,0.29490330460084274
405,18,630.497,0.31258706660108426
405,18,658.757,0.14930842727641974
405,18,686.179,-0.08566973773543239
405,18,687.071,-0.12519908107376432
405,18,687.518,-0.00331625258280636
405,18,687.964,0.05417004153010729
405,18,688.41,0.12536148419546625
405,18,689.301,0.22245077254910178
405,18,689.747,0.09302740262378995
405,18,690.193,0.21384596298653732
405,18,690.638,0.1614685711008693
405,18,691.084,0.10570860158207065
405,18,692.864,0.25298291899212333
405,18,729.017,-0.5263316709337967
405,18,732.072,0.3038988710423105
405,18,732.509,0.5987119822056476
405,18,733.38,-0.8810492007189566
405,18,735.559,0.4302500767895921
405,18,736.864,0.707638911607872
405,18,737.734,1.3245876218578547
405,18,740.776,0.5377487826377507
405,18,741.21,0.24936507277625317
405,18,742.078,0.7971679869659053
405,18,742.946,0.5553536485093724
405,18,744.246,-0.5820768926738664
405,18,745.113,-0.5881812547516861
405,18,745.546,0.2115042860602698
405,18,745.979,0.22162443914427385
405,18,747.278,0.46793342154263706
405,18,749.008,0.5829462444544684
405,18,750.305,0.561553082090818
405,18,751.169,-0.7019337780399476
405,18,751.601,0.18672814497874624
405,18,752.464,-0.60109278431608
405,18,752.896,-0.9197013456682768
405,18,755.052,-0.5345841026115999
405,18,755.914,0.30411466996965586
405,18,756.775,0.495320388275771
405,18,758.066,-0.059647250551547175
405,18,758.497,0.26359517957978046
405,18,758.927,0.6166700297369843
405,18,759.787,0.17822546032935366
405,18,761.076,-0.7117593538383705
405,18,762.365,0.3518081289089533
405,18,763.223,0.6501915251145358
405,18,766.225,0.2854746578129862
405,18,768.795,-0.6537870341742783
405,18,769.222,0.23089302752954177
405,18,769.65,0.2415130698926848
405,18,771.36,0.4291289753537286
405,18,773.496,-0.5873502893554561
405,18,774.776,-0.45591909230294225
405,18,776.055,-0.5258550829903508
405,18,785.835,-0.6174967163381367
405,18,790.071,-0.7338481702320871
405,18,799.358,-0.5285011856219293
405,18,799.779,-0.3610524792868316
405,18,808.599,-0.47671708912539934
405,18,817.378,0.42588921021626036
405,18,818.629,0.13485714688449624
405,18,819.879,-0.3987834532019506
405,18,841.0,-0.564935067242274
405,18,854.949,-0.7642035868772222
405,18,856.174,-0.5520577795319259
405,18,865.138,-0.7504795453841118
405,18,878.097,-0.46239879914639626
405,18,902.15,-0.5900295328557692
405,18,916.034,-0.34658106082422446
405,18,926.672,0.22469103441846028
405,18,930.204,0.41362363763533866
405,18,936.075,0.33051830646834984
405,18,937.246,0.4068961291202134
405,18,938.027,0.3569441201475723
405,18,939.588,0.5587958172247018
405,18,941.147,0.8113825547083873
405,18,941.537,0.865212469252668
405,18,941.926,0.5204341790842074
405,18,942.315,0.7155169971760261
405,18,944.261,0.32267500753408324
405,18,944.65,0.2555243643428807
405,18,945.039,0.4085070569871417
405,18,945.428,0.761534343525023
405,18,946.205,0.5467649497306141
405,18,946.593,0.5627258703775218
405,18,946.982,0.8654763444924816
405,18,947.37,0.6646989091705572
405,18,947.758,0.6974165249533228
405,18,948.146,0.5340288026817851
405,18,948.922,0.40332895209033715
405,18,949.698,0.8555074980505128
405,19,489.027,-0.41335900476143606
405,19,498.821,-0.7525642561268583
405,19,499.31,-1.0285598829267868
405,19,500.287,-0.4541856929049798
405,19,501.751,-0.228105214343813
405,19,502.727,-0.31237779450397657
405,19,503.215,0.2526048142376627
405,19,504.19,-0.9864495670405389
405,19,505.164,1.2682355694480245
405,19,505.651,0.0842196622804446
405,19,506.139,-0.0854589853404477
405,19,507.112,0.0861617675053891
405,19,508.086,0.05486846541566412
405,19,625.442,0.31450817927942853
405,19,630.497,0.3330897588122751
405,19,658.757,0.15339253712082293
405,19,686.179,-0.10917644676889879
405,19,687.071,-0.15062673892289405
405,19,687.518,-0.022093323002947463
405,19,687.964,0.0394481669326128
405,19,688.41,0.11663447794419812
405,19,689.301,0.22214273640980045
405,19,689.747,0.08934048482043079
405,19,690.193,0.21714545971984173
405,19,690.638,0.16426364921310566
405,19,691.084,0.10799994365359585
405,19,692.864,0.26475709497199185
405,19,729.017,-0.5345054868487987
405,19,732.072,0.3323690147383647
405,19,732.509,0.640569244455617
405,19,733.38,-0.9068080317543373
405,19,735.559,0.46342732735625936
405,19,736.864,0.7510973079257215
405,19,737.734,1.394442459061054
405,19,740.776,0.5693058180633158
405,19,741.21,0.2661846397959842
405,19,742.078,0.8358656881485558
405,19,742.946,0.5834213877285719
405,19,744.246,-0.607027002738722
405,19,745.113,-0.6163249119636341
405,19,745.546,0.21978171703116225
405,19,745.979,0.23137442897365174
405,19,747.278,0.4851530219253741
405,19,749.008,0.6044460315556328
405,19,750.305,0.5807365908181599
405,19,751.169,-0.7400782728832851
405,19,751.601,0.18643845328233902
405,19,752.464,-0.6369771408485432
405,19,752.896,-0.9709935837925061
405,19,755.052,-0.5695038162713161
405,19,755.914,0.30809091555481405
405,19,756.775,0.508005233216652
405,19,758.497,0.2618871919483281
405,19,758.927,0.6342184117559903
405,19,759.787,0.17422114012455986
405,19,761.076,-0.75602225035094
405,19,762.365,0.3550139520467194
405,19,763.223,0.6651968967699214
405,19,766.225,0.28364352750746374
405,19,768.795,-0.6973700142903727
405,19,769.222,0.2273692755342898
405,19,769.65,0.23907560339544595
405,19,771.36,0.43365164968182834
405,19,773.496,-0.6295533016250152
405,19,774.776,-0.49185236640892055
405,19,776.055,-0.5656798070922536
405,19,785.835,-0.6615878861503978
405,19,790.071,-0.7837466253324579
405,19,799.779,-0.39413826964714227
405,19,808.599,-0.5150861288148311
405,19,817.378,0.42980784068950695
405,19,818.629,0.12559822769768678
405,19,841.0,-0.6081907920228503
405,19,854.949,-0.8153845658661012
405,19,856.174,-0.5938448040864485
405,19,865.138,-0.8010848039720457
405,19,878.097,-0.49998614893662385
405,19,902.15,-0.6328908715141885
405,19,916.034,-0.3784523812576583
405,19,930.204,0.41716283910005475
405,19,936.075,0.32956947728705244
405,19,937.246,0.4107658902514358
405,19,938.027,0.3580715788192809
405,19,939.588,0.5695843500249856
405,19,941.147,0.8338333185286642
405,19,941.537,0.8898044099201183
405,19,941.926,0.5299120964256631
405,19,942.315,0.7337633189027761
405,19,944.261,0.32040095653308487
405,19,944.65,0.25020395864087164
405,19,945.039,0.4118061393210643
405,19,945.428,0.781782296326845
405,19,946.205,0.5560905247315877
405,19,946.593,0.5716230161552
405,19,946.982,0.889310799695005
405,19,947.37,0.679531275582753
405,19,947.758,0.7136923195993108
405,19,948.146,0.5418504139603769
405,19,948.922,0.4033104231560392
405,19,949.698,0.8795686047230422
405,20,489.027,-0.4147710033232284
405,20,498.821,-0.7514859753783144
405,20,499.31,-1.0277313032603053
405,20,500.287,-0.4533287347533874
405,20,501.751,-0.2276038122461733
405,20,502.727,-0.3097879683145873
405,20,503.215,0.2545091690903997
405,20,504.19,-0.9804156244612322
405,20,505.164,1.2691579617304838
405,20,505.651,0.08419637717518508
405,20,506.139,-0.08326902129878573
405,20,507.112,0.08678391995401041
405,20,508.086,0.05604183091870533
405,20,625.442,0.31657497362539555
405,20,658.757,0.16616667309695302
405,20,686.179,-0.10433552482089709
405,20,687.071,-0.14425497576639135
405,20,687.518,-0.015772693781110913
405,20,687.964,0.04603862185886299
405,20,688.41,0.12302666152348332
405,20,689.301,0.2280339187723281
405,20,689.747,0.09469757915372881
405,20,690.193,0.22213168042766487
405,20,690.638,0.16896070878352965
405,20,691.084,0.11166868903938852
405,20,692.864,0.2667135902684326
405,20,729.017,-0.5450990670026441
405,20,732.072,0.320459806400892
405,20,732.509,0.6293212504347516
405,20,733.38,-0.918234030364867
405,20,735.559,0.4534521895916656
405,20,736.864,0.7408489097441567
405,20,737.734,1.3873452686543062
405,20,740.776,0.5631199995512695
405,20,741.21,0.26078446705773534
405,20,742.078,0.83074140980478
405,20,742.946,0.5780740537148947
405,20,744.246,-0.6121298702047945
405,20,745.113,-0.618699241979241
405,20,745.546,0.21961302106904937
405,20,745.979,0.22833774525714817
405,20,747.278,0.48430088520531833
405,20,749.008,0.603054592592831
405,20,750.305,0.5792425588697168
405,20,751.169,-0.7412976407026234
405,20,752.464,-0.6364136386404613
405,20,752.896,-0.9701947978766896
405,20,755.052,-0.5689564845645135
405,20,756.775,0.5088161017691661
405,20,758.497,0.26302330659365925
405,20,758.927,0.6333544218836964
405,20,761.076,-0.7548377842227435
405,20,762.365,0.3559031469982411
405,20,763.223,0.6666691885277989
405,20,766.225,0.28521547289042337
405,20,768.795,-0.6953115724394494
405,20,769.222,0.227498225824382
405,20,769.65,0.23926962022385773
405,20,771.36,0.4343067468710407
405,20,773.496,-0.6285480841843633
405,20,774.776,-0.4901325592668359
405,20,776.055,-0.5629858059254857
405,20,785.835,-0.6593485093792669
405,20,790.071,-0.780648070946033
405,20,799.779,-0.3924334066379976
405,20,808.599,-0.5128071323861997
405,20,817.378,0.4300923958284633
405,20,818.629,0.1257270969579383
405,20,841.0,-0.605982619757915
405,20,854.949,-0.8138171717603472
405,20,856.174,-0.5916283967602577
405,20,865.138,-0.7989070849803803
405,20,878.097,-0.497628546258258
405,20,902.15,-0.6306434122863438
405,20,916.034,-0.3759392734632375
405,20,930.204,0.41747444970709474
405,20,936.075,0.32917343714664266
405,20,937.246,0.41081947624885207
405,20,938.027,0.3587019493614091
405,20,939.588,0.5692778155961576
405,20,941.147,0.8337665585955417
405,20,941.537,0.8900240942322422
405,20,941.926,0.5288548127821948
405,20,942.315,0.7325308550908842
405,20,944.261,0.32114409667986593
405,20,945.039,0.4110074275134857
405,20,945.428,0.781267753155155
405,20,946.205,0.5558829717904988
405,20,946.593,0.5713046472298916
405,20,946.982,0.8891043417486412
405,20,947.37,0.6785514313744375
405,20,947.758,0.7132123300553311
405,20,948.146,0.5415434828961471
405,20,948.922,0.40376020319448924
405,20,949.698,0.8785025208583775
405,21,489.027,-0.42395547340161543
405,21,498.821,-0.7679754640589755
405,21,499.31,-1.0495276206691866
405,21,500.287,-0.474069158750839
405,21,501.751,-0.25243326839728153
405,21,502.727,-0.32303484043436836
405,21,503.215,0.24010025958699474
405,21,504.19,-0.9841152009872551
405,21,505.164,1.2645422493084861
405,21,506.139,-0.08625174229838138
405,21,508.086,0.061634077426253646
405,21,625.442,0.32516992257670646
405,21,658.757,0.17137414088171543
405,21,686.179,-0.10731712023673975
405,21,687.071,-0.14528968971578884
405,21,687.518,-0.015524839517668176
405,21,687.964,0.04774766117124259
405,21,688.41,0.12662069279034044
405,21,689.301,0.23377124700609136
405,21,689.747,0.100307693693375
405,21,690.193,0.22891180163499336
405,21,690.638,0.17715272342566094
405,21,691.084,0.11868253578096291
405,21,692.864,0.2740282291674412
405,21,729.017,-0.549806014278534
405,21,732.072,0.30331433169531025
405,21,732.509,0.6131912738937058
405,21,733.38,-0.9427800525098098
405,21,735.559,0.42705365955425567
405,21,736.864,0.7130846544360604
405,21,737.734,1.3625284264232387
405,21,740.776,0.5280236947308371
405,21,741.21,0.22845455203551734
405,21,742.078,0.7956596007124321
405,21,742.946,0.5389830922571117
405,21,744.246,-0.6520706454672389
405,21,745.546,0.18589406704918515
405,21,745.979,0.18878549976268108
405,21,747.278,0.4521765740207174
405,21,749.008,0.5645585544390075
405,21,750.305,0.5452127589168797
405,21,751.169,-0.7812800266474008
405,21,752.464,-0.6743010824305118
405,21,752.896,-1.0066733365390412
405,21,755.052,-0.6025434167044271
405,21,756.775,0.4779187508542355
405,21,758.497,0.23383930601241587
405,21,758.927,0.6020184394458815
405,21,761.076,-0.7871784101518081
405,21,762.365,0.32971225472802973
405,21,763.223,0.6403716532695811
405,21,766.225,0.2607703400799546
405,21,768.795,-0.7206372419078689
405,21,769.65,0.21428189751341342
405,21,771.36,0.41219568924777167
405,21,773.496,-0.6540212471329869
405,21,776.055,-0.5844613853562134
405,21,785.835,-0.679523083547407
405,21,790.071,-0.7964916251490143
405,21,808.599,-0.5291494051990058
405,21,817.378,0.4167920230552675
405,21,818.629,0.10885956610074402
405,21,841.0,-0.6200628977085165
405,21,854.949,-0.827998117916522
405,21,856.174,-0.6047991339556873
405,21,865.138,-0.8119697530841543
405,21,878.097,-0.5088976543047254
405,21,902.15,-0.640968202786086
405,21,916.034,-0.38593048912263145
405,21,930.204,0.4087417074907197
405,21,936.075,0.319567260536547
405,21,937.246,0.4014211405486419
405,21,938.027,0.3517395471063577
405,21,939.588,0.5614426399428678
405,21,941.147,0.8278475300127807
405,21,941.537,0.8863207373158004
405,21,941.926,0.5179067241282289
405,21,942.315,0.7213693025559941
405,21,944.261,0.3115943472196902
405,21,945.039,0.4000761838231704
405,21,945.428,0.7732104359791471
405,21,946.205,0.547444472875638
405,21,946.593,0.5650422808066933
405,21,946.982,0.8826857153357061
405,21,947.37,0.6715589766494627
405,21,947.758,0.7067957686135364
405,21,948.146,0.5344709263677454
405,21,948.922,0.3967250932256573
405,21,949.698,0.8711746464673343
405,22,498.821,-0.8182017393691642
405,22,499.31,-1.1090189999257232
405,22,500.287,-0.4998022927760273
405,22,501.751,-0.2694802784993635
405,22,502.727,-0.3317468156282824
405,22,503.215,0.26158049827197727
405,22,504.19,-0.9957173887294519
405,22,505.164,1.348662997522835
405,22,506.139,-0.06275911011879816
405,22,508.086,0.09395913099882466
405,22,658.757,0.21285081616692975
405,22,686.179,-0.09302703875469756
405,22,687.071,-0.12358563582153921
405,22,687.518,0.01581263456382191
405,22,688.41,0.16933238052153593
405,22,689.301,0.28261008387949943
405,22,689.747,0.1405328425031199
405,22,690.193,0.2742208875718687
405,22,690.638,0.21853234763297136
405,22,691.084,0.1532993506877248
405,22,692.864,0.30930009938735564
405,22,729.017,-0.5680718177059721
405,22,732.072,0.31120186197722394
405,22,732.509,0.6405385480460362
405,22,733.38,-0.9943855050992225
405,22,735.559,0.4370135830644796
405,22,736.864,0.7297349610346294
405,22,737.734,1.4176641748531071
405,22,740.776,0.5365833637806099
405,22,741.21,0.2238371507758141
405,22,742.078,0.8151406396364297
405,22,744.246,-0.7107853247372684
405,22,745.546,0.1839482147775056
405,22,747.278,0.4516702766874824
405,22,749.008,0.5643161791107167
405,22,750.305,0.5447454247074418
405,22,751.169,-0.847800420436379
405,22,752.464,-0.735485847044165
405,22,752.896,-1.0806813528772592
405,22,756.775,0.47191486673509664
405,22,758.927,0.5944463290765649
405,22,761.076,-0.8569348816909497
405,22,762.365,0.3146540913759755
405,22,763.223,0.6408503834661855
405,22,766.225,0.24124125774259625
405,22,768.795,-0.7857045693975231
405,22,769.65,0.18816380261617804
405,22,771.36,0.3969718061055948
405,22,773.496,-0.7219635219660984
405,22,776.055,-0.6422006530995041
405,22,785.835,-0.7453112365469056
405,22,790.071,-0.8623061526462155
405,22,808.599,-0.5865713407058529
405,22,817.378,0.3989710202696812
405,22,818.629,0.0753455537231402
405,22,841.0,-0.6817196704434372
405,22,854.949,-0.9020246672644832
405,22,856.174,-0.6659132174936259
405,22,865.138,-0.8828789881818121
405,22,878.097,-0.5624706865898471
405,22,902.15,-0.7018791650548095
405,22,930.204,0.39159718971462676
405,22,936.075,0.296059868170227
405,22,937.246,0.3829509215087891
405,22,938.027,0.33497094562756896
405,22,939.588,0.5527582601270046
405,22,941.147,0.8326579846792389
405,22,941.537,0.8978449505047119
405,22,941.926,0.5031510446373658
405,22,942.315,0.7158776119554352
405,22,945.039,0.3820667213605378
405,22,945.428,0.7741287444428162
405,22,946.205,0.5395867958646862
405,22,946.593,0.5553461090686815
405,22,946.982,0.8918148483254335
405,22,947.37,0.6674282796001444
405,22,947.758,0.7057571192824479
405,22,948.146,0.5245054680210691
405,22,948.922,0.37920622672640875
405,22,949.698,0.8775090439664205
405,23,498.821,-0.8375526358705017
405,23,499.31,-1.1388282180938718
405,23,500.287,-0.5025833918087157
405,23,501.751,-0.2608848499225651
405,23,502.727,-0.3313702095330342
405,23,503.215,0.2861320333078981
405,23,504.19,-1.0326933487950776
405,23,505.164,1.4097471675729885
405,23,506.139,-0.06813673277246976
405,23,508.086,0.09046317114214132
405,23,658.757,0.23398766698869491
405,23,686.179,-0.08376605507469513
405,23,687.071,-0.11647727210482892
405,23,687.518,0.028678409628947764
405,23,688.41,0.18519643056317917
405,23,689.301,0.29968374802703496
405,23,690.193,0.28760679265808814
405,23,690.638,0.2271877880504949
405,23,691.084,0.1587332127634847
405,23,692.864,0.31904596781522815
405,23,729.017,-0.6346080935772651
405,23,732.072,0.29939437193124663
405,23,732.509,0.6387193237407218
405,23,733.38,-1.064776089734729
405,23,735.559,0.4363014635024018
405,23,736.864,0.7453907746852666
405,23,737.734,1.4646223893344053
405,23,740.776,0.5537513258006399
405,23,741.21,0.22936688443454223
405,23,742.078,0.8500329636643513
405,23,744.246,-0.738014000576126
405,23,745.546,0.19468025994906363
405,23,747.278,0.478485435339468
405,23,749.008,0.6030288498843291
405,23,750.305,0.580954372515628
405,23,751.169,-0.8697492820202002
405,23,752.464,-0.7517115575950065
405,23,752.896,-1.113017733309428
405,23,756.775,0.5112425305067627
405,23,758.927,0.6422253088718097
405,23,761.076,-0.8728135024497895
405,23,762.365,0.34793263655281476
405,23,763.223,0.6906116900984752
405,23,766.225,0.2727255229724691
405,23,768.795,-0.798934630409647
405,23,771.36,0.4366718748055554
405,23,773.496,-0.7300116008644155
405,23,776.055,-0.6495101778848563
405,23,785.835,-0.7561932735147178
405,23,790.071,-0.879220273246261
405,23,808.599,-0.590276003863436
405,23,818.629,0.10289546337838798
405,23,841.0,-0.6898873663085808
405,23,854.949,-0.9192779283083434
405,23,856.174,-0.6733599491708963
405,23,865.138,-0.9003354800809956
405,23,902.15,-0.7137830953746171
405,23,936.075,0.33069863078436096
405,23,937.246,0.41880151320942155
405,23,938.027,0.3666029832727162
405,23,939.588,0.5947644070159801
405,23,941.147,0.8852122703170036
405,23,941.537,0.953308903139706
405,23,942.315,0.7678911991401195
405,23,945.039,0.41747542869711574
405,23,945.428,0.8246875204793387
405,23,946.205,0.580303789698314
405,23,946.593,0.5962724067667552
405,23,946.982,0.9485772360688505
405,23,947.37,0.712796508005096
405,23,947.758,0.752069108112954
405,23,948.146,0.5645226020210747
405,23,948.922,0.4141227436734664
405,23,949.698,0.9333679493460203
405,24,498.821,-0.8570941366161907
405,24,499.31,-1.1635391978229521
405,24,500.287,-0.5170580172335395
405,24,501.751,-0.2671292375604289
405,24,502.727,-0.34223330103236144
405,24,503.215,0.2870287077974296
405,24,504.19,-1.0537350197586703
405,24,505.164,1.4369946475170339
405,24,506.139,-0.06829298093226022
405,24,508.086,0.09404321893666229
405,24,658.757,0.23363015069177098
405,24,686.179,-0.08824933197484787
405,24,687.071,-0.12184971673942534
405,24,687.518,0.02718545169738588
405,24,688.41,0.18681191978492054
405,24,689.301,0.30500883564510395
405,24,690.193,0.2933698906767369
405,24,690.638,0.23184411796140175
405,24,691.084,0.1629584926587274
405,24,692.864,0.326608890882107
405,24,729.017,-0.6579280573860239
405,24,732.072,0.29337790230159366
405,24,732.509,0.6327502726106922
405,24,733.38,-1.0992465092296253
405,24,735.559,0.42444247475023905
405,24,736.864,0.7392606906108069
405,24,737.734,1.468302404296703
405,24,740.776,0.5401793735233119
405,24,741.21,0.21076254282207038
405,24,742.078,0.8409143310147617
405,24,744.246,-0.771303559103155
405,24,745.546,0.17129213713184874
405,24,747.278,0.4627615550125267
405,24,749.008,0.5940148328517187
405,24,750.305,0.5686463025980929
405,24,751.169,-0.9056727623919179
405,24,752.464,-0.7858962104501781
405,24,752.896,-1.1532998769362692
405,24,756.775,0.5020811656125955
405,24,758.927,0.6387325810481467
405,24,761.076,-0.9034275678288396
405,24,762.365,0.3383778052296829
405,24,763.223,0.6873713886407709
405,24,766.225,0.2625833506949793
405,24,771.36,0.43317419208573027
405,24,773.496,-0.7534810192140867
405,24,776.055,-0.6732974812427498
405,24,785.835,-0.7787999078915435
405,24,790.071,-0.9042078398525815
405,24,808.599,-0.6072739404959431
405,24,818.629,0.10037490397538028
405,24,841.0,-0.7061233526925522
405,24,854.949,-0.9375445835019898
405,24,856.174,-0.6884662633907226
405,24,865.138,-0.9188688476309097
405,24,902.15,-0.7279524666730558
405,24,937.246,0.4275813199377726
405,24,938.027,0.37255778805971007
405,24,939.588,0.6063859953067553
405,24,941.147,0.9017326074874006
405,24,941.537,0.9694095465597193
405,24,942.315,0.784005757325035
405,24,945.039,0.4271762139408237
405,24,945.428,0.8411259322757576
405,24,946.205,0.5909727521326632
405,24,946.593,0.6074551017573384
405,24,946.982,0.9658025126806834
405,24,947.37,0.7261042030568983
405,24,947.758,0.7661068285612254
405,24,948.146,0.5750823693977156
405,24,948.922,0.42176720029950837
405,24,949.698,0.9515344472560651
405,25,498.821,-0.5852705492566774
405,25,499.31,-0.7340672596190866
405,25,500.287,-0.5187968156170932
405,25,501.751,-0.2687749391768015
405,25,502.727,-0.5441406851105604
405,25,504.19,-1.208676213156735
405,25,505.164,0.662873445654512
405,25,506.139,-0.49136598022417993
405,25,508.086,-0.3053947110035469
405,25,658.757,0.13203993967372205
405,25,686.179,0.14920425284872385
405,25,687.071,0.08648417856672168
405,25,687.518,0.2376421875822892
405,25,688.41,0.2512198364444676
405,25,689.301,0.3179761349819383
405,25,690.193,0.24974265743316765
405,25,690.638,0.1424866500002425
405,25,691.084,0.15269665373523056
405,25,692.864,0.22729979827001787
405,25,729.017,-0.2565455821511726
405,25,732.072,0.2608758084886074
405,25,733.38,-0.2465269881917199
405,25,735.559,0.33153347007605954
405,25,736.864,0.3598739174583114
405,25,737.734,0.6353601438657752
405,25,740.776,0.32134458897713275
405,25,741.21,0.21073844140211961
405,25,742.078,0.4906458604665603
405,25,744.246,-0.21102116745985927
405,25,745.546,0.09214732638408037
405,25,747.278,0.19579835235821894
405,25,749.008,0.525820563583441
405,25,750.305,0.38912623746778846
405,25,751.169,-0.47587616111144143
405,25,752.464,-0.44035454555601106
405,25,752.896,-0.6072379974171119
405,25,756.775,0.39712659231240655
405,25,758.927,0.5851875431724367
405,25,761.076,-0.4752322089818227
405,25,762.365,0.2374864717109605
405,25,763.223,0.5073665070245003
405,25,766.225,0.24007599816480713
405,25,773.496,-0.3949330461386375
405,25,785.835,-0.5046542881699397
405,25,808.599,-0.35193332719274717
405,25,818.629,0.2173397504966066
405,25,841.0,-0.34243733735801307
405,25,856.174,-0.2907603356150681
405,25,865.138,-0.40159970823017216
405,25,902.15,-0.29745279376987255
405,25,937.246,0.300460514264713
405,25,938.027,0.20874225983543082
405,25,939.588,0.35460973453189415
405,25,941.147,0.486552467492849
405,25,941.537,0.46404324058863505
405,25,942.315,0.5330324700193304
405,25,945.039,0.355683329609685
405,25,945.428,0.479990182918887
405,25,946.593,0.30250980481206124
405,25,946.982,0.5424814355131503
405,25,947.37,0.4144717704549026
405,25,947.758,0.39024618060381766
405,25,948.146,0.33627741012650675
405,25,948.922,0.20396323510620237
405,25,949.698,0.5735919904875814
405,26,498.821,-1.0038566602346746
405,26,499.31,-1.3656343265422788
405,26,500.287,-0.5588654341495248
405,26,501.751,-0.21780616804746922
405,26,502.727,-0.2850399650259302
405,26,504.19,-1.1698382849404907
405,26,505.164,1.8863390249288576
405,26,506.139,0.029157863957912054
405,26,508.086,0.18773941982295578
405,26,658.757,0.2964215010428712
405,26,686.179,-0.19150961104044367
405,26,687.071,-0.23178595676715805
405,26,687.518,-0.048276140529684375
405,26,688.41,0.1660694943537754
405,26,689.301,0.32781220219888046
405,26,690.638,0.26435409514405994
405,26,691.084,0.18590608977304096
405,26,692.864,0.39926409619835984
405,26,729.017,-0.7477911625859519
405,26,732.072,0.41112577533592215
405,26,733.38,-1.298264047274386
405,26,735.559,0.5852723490423407
405,26,736.864,0.9628110440581757
405,26,737.734,1.8694712214109106
405,26,740.776,0.7150341434942753
405,26,741.21,0.2941016160911974
405,26,742.078,1.076908518172698
405,26,744.246,-0.9351065068160669
405,26,745.546,0.2398077574816858
405,26,747.278,0.5877288156269723
405,26,749.008,0.7456659459444247
405,26,750.305,0.7033327200032754
405,26,751.169,-1.1148157876343527
405,26,752.464,-0.9805607510916929
405,26,752.896,-1.4368945442622834
405,26,756.775,0.6073200829778257
405,26,758.927,0.7671606245592767
405,26,761.076,-1.141198174673387
405,26,762.365,0.39108937527082394
405,26,763.223,0.8150525823671345
405,26,773.496,-0.9762542238833105
405,26,785.835,-1.0042474940726094
405,26,808.599,-0.8025482817817757
405,26,818.629,0.07050266651412206
405,26,841.0,-0.9304219103051539
405,26,856.174,-0.9078185978937394
405,26,865.138,-1.192088098599736
405,26,902.15,-0.952854575944569
405,26,937.246,0.4768909839849393
405,26,938.027,0.4053186363058198
405,26,939.588,0.6923312511250997
405,26,941.147,1.0612013439930146
405,26,941.537,1.1438436231341567
405,26,942.315,0.9141464056986518
405,26,945.039,0.4725669409464683
405,26,945.428,0.9870025375225975
405,26,946.593,0.6866619554438416
405,26,946.982,1.1386162575878078
405,26,947.37,0.8331368126377937
405,26,948.146,0.649374019600853
405,26,948.922,0.45151179872363456
405,26,949.698,1.1171013374438137
405,27,498.821,-0.9647351154277479
405,27,499.31,-1.3154939172848479
405,27,500.287,-0.5222422772264197
405,27,501.751,-0.20451609931939063
405,27,502.727,-0.2602920636971934
405,27,504.19,-1.121378593733436
405,27,505.164,1.8448712182602522
405,27,506.139,0.023992834938764
405,27,508.086,0.17899873823713933
405,27,658.757,0.33006238012722755
405,27,687.071,-0.1757635690506568
405,27,687.518,0.0031814175801677677
405,27,688.41,0.20780697116496769
405,27,689.301,0.35495295707204855
405,27,690.638,0.2787989770129594
405,27,691.084,0.1965602675298595
405,27,692.864,0.3956888698845186
405,27,729.017,-0.752522049702849
405,27,732.072,0.387432509175711
405,27,733.38,-1.282738227187181
405,27,735.559,0.5750004570981277
405,27,736.864,0.9430333843887041
405,27,737.734,1.8458139098822004
405,27,740.776,0.7207674096759435
405,27,741.21,0.3161261937236948
405,27,742.078,1.082016286000812
405,27,744.246,-0.8940273287019813
405,27,749.008,0.7626739873078029
405,27,750.305,0.7282021193360668
405,27,751.169,-1.0551999873795563
405,27,752.464,-0.9213583004626412
405,27,752.896,-1.363855216656391
405,27,756.775,0.6315414666681639
405,27,758.927,0.7787094758822078
405,27,761.076,-1.0820328114769766
405,27,762.365,0.41960643207075643
405,27,763.223,0.8364599139921293
405,27,773.496,-0.9276696110697717
405,27,785.835,-0.956288203315562
405,27,808.599,-0.7608201881256185
405,27,818.629,0.08700253658933892
405,27,841.0,-0.8899151331865599
405,27,856.174,-0.8706853781760304
405,27,865.138,-1.1514044010643008
405,27,902.15,-0.9198238610558293
405,27,937.246,0.4656637254069767
405,27,938.027,0.40223624170094346
405,27,939.588,0.6773326311900464
405,27,941.147,1.040536562769232
405,27,941.537,1.1291830056902274
405,27,942.315,0.8912396543162237
405,27,945.039,0.46038183619322964
405,27,945.428,0.9627077371644114
405,27,946.593,0.6740065341250632
405,27,946.982,1.1183303803592621
405,27,947.37,0.8189494368251213
405,27,948.146,0.6396847892128312
405,27,948.922,0.44628702584213537
405,27,949.698,1.0938818418023346
405,28,498.821,-1.0489480650184175
405,28,499.31,-1.4013237372703076
405,28,500.287,-0.6023160916162257
405,28,501.751,-0.3073444420694016
405,28,502.727,-0.35902287644405195
405,28,504.19,-1.1678527969704102
405,28,505.164,1.8396910207366743
405,28,506.139,-0.012862507277157207
405,28,508.086,0.17631753834127473
405,28,658.757,0.3773316626056606
405,28,687.071,-0.016348831305686658
405,28,687.518,0.17393764787516208
405,28,689.301,0.5073909297864551
405,28,691.084,0.2894362683210505
405,28,729.017,-0.8029996010268798
405,28,732.072,0.35669110781392427
405,28,733.38,-1.3625656741045813
405,28,735.559,0.5163497733295255
405,28,736.864,0.8806804245339097
405,28,737.734,1.809019863731948
405,28,740.776,0.6497999503338467
405,28,741.21,0.2567909459314077
405,28,742.078,1.0209165649633154
405,28,744.246,-0.9882466050947293
405,28,749.008,0.7018322755661495
405,28,750.305,0.6671246712967286
405,28,751.169,-1.1506787316738831
405,28,752.464,-1.007457950460211
405,28,752.896,-1.4501146664605804
405,28,756.775,0.5736756073300653
405,28,758.927,0.7210823726521659
405,28,761.076,-1.162079194346923
405,28,762.365,0.3657589254770571
405,28,763.223,0.8015309006156778
405,28,773.496,-0.99762682550144
405,28,808.599,-0.8128559294423979
405,28,818.629,0.0440196134973319
405,28,841.0,-0.9342231881722737
405,28,856.174,-0.9168593447888451
405,28,865.138,-1.2022897883492571
405,28,902.15,-0.9645529179859612
405,28,937.246,0.43403405499031106
405,28,938.027,0.376466818413644
405,28,939.588,0.6568140786884293
405,28,941.147,1.0277554472606056
405,28,941.537,1.1244019771455032
405,28,942.315,0.87668798040311
405,28,945.428,0.9474955511456007
405,28,946.593,0.6612551893483697
405,28,946.982,1.1170577027814557
405,28,947.37,0.8100843677227925
405,28,948.146,0.6255512230225737
405,28,948.922,0.43435705373826544
405,28,949.698,1.0921572997508626
405,29,498.821,-1.0871183729951248
405,29,499.31,-1.444769550553774
405,29,500.287,-0.6585304265797854
405,29,501.751,-0.39835890703858984
405,29,502.727,-0.4528279994060927
405,29,504.19,-1.2495785322987438
405,29,505.164,1.751757580623351
405,29,506.139,-0.0885287884381879
405,29,508.086,0.1280626170323966
405,29,658.757,0.37340239194890296
405,29,687.518,0.25568052923573564
405,29,689.301,0.5606567310123196
405,29,691.084,0.3110308980350559
405,29,729.017,-0.8675725126361505
405,29,732.072,0.2951898344467182
405,29,733.38,-1.4323558081871521
405,29,735.559,0.4347978627147751
405,29,736.864,0.8068972980820568
405,29,737.734,1.7329028050219872
405,29,740.776,0.5769637153075222
405,29,741.21,0.19676067543223527
405,29,749.008,0.66798194481759
405,29,750.305,0.6408647702665452
405,29,751.169,-1.174958121365081
405,29,752.896,-1.4596663503213905
405,29,756.775,0.5639961126897839
405,29,758.927,0.7179761877901413
405,29,761.076,-1.160015200341269
405,29,762.365,0.3676944772729908
405,29,763.223,0.8127718882642001
405,29,773.496,-0.9733208319323228
405,29,808.599,-0.7765549340759663
405,29,841.0,-0.8918219815716572
405,29,856.174,-0.8752761157516633
405,29,865.138,-1.1585329625130598
405,29,902.15,-0.9212250000216764
405,29,937.246,0.475607024351057
405,29,938.027,0.4208146421440492
405,29,939.588,0.6997172334985569
405,29,941.147,1.0703499080079608
405,29,941.537,1.1695068629157663
405,29,942.315,0.919485136963866
405,29,945.428,0.9891451942572224
405,29,946.982,1.16296734133157
405,29,947.37,0.8616842658979376
405,29,948.146,0.677454954765763
405,29,949.698,1.1404670942172634
405,30,498.821,-1.0111492693700763
405,30,499.31,-1.2883915979362064
405,30,500.287,-0.5043701479069149
405,30,501.751,0.40697414283334454
405,30,502.727,-0.12348963896787161
405,30,504.19,-1.7763947172954773
405,30,505.164,3.078400822686967
405,30,506.139,-0.11730420051440149
405,30,508.086,-0.023234673804752897
405,30,658.757,0.5985028735597248
405,30,687.518,0.3166423376294121
405,30,689.301,0.6921117877693408
405,30,691.084,0.39683738846213834
405,30,729.017,-0.7755729444569891
405,30,732.072,0.6036373567745276
405,30,733.38,-0.7335645891600183
405,30,735.559,0.8759439190438449
405,30,736.864,0.9422575925940236
405,30,737.734,1.7214087721530547
405,30,740.776,0.9591100839340925
405,30,741.21,0.6430319814594789
405,30,749.008,1.4410917499365121
405,30,750.305,1.1185343439807702
405,30,751.169,-1.1245894507702154
405,30,752.896,-1.5085292449236585
405,30,756.775,1.1024457803724312
405,30,758.927,1.5581486698927416
405,30,761.076,-1.3086400058119818
405,30,762.365,0.592685779960338
405,30,763.223,1.2459412899616302
405,30,808.599,-1.1542122880788113
405,30,841.0,-1.1615078980386937
405,30,856.174,-1.0247142028668825
405,30,865.138,-1.31492357682241
405,30,902.15,-1.0246277974896378
405,30,937.246,0.4933041144985863
405,30,938.027,0.2800523287585065
405,30,939.588,0.6345386553355686
405,30,941.147,0.981525392448973
405,30,941.537,0.9714039618418551
405,30,942.315,1.0700870543888752
405,30,945.428,0.9422709977561036
405,30,946.982,1.103446673910517
405,30,947.37,0.7501605360268747
405,30,948.146,0.5570259814011054
405,30,949.698,1.1459180583987096
405,31,498.821,-1.2709965384854465
405,31,499.31,-1.6944061460655642
405,31,502.727,-0.6051417202419642
405,31,504.19,-1.4952769014510114
405,31,505.164,1.8489479355588305
405,31,506.139,-0.181144852228229
405,31,508.086,0.08863852882117013
405,31,658.757,0.38624899603734064
405,31,687.518,0.2810425210469695
405,31,689.301,0.624142759310454
405,31,691.084,0.3438813388520158
405,31,729.017,-0.9686267320865874
405,31,732.072,0.31919160476214603
405,31,733.38,-1.6309803464610935
405,31,735.559,0.45342927180121334
405,31,736.864,0.8749419907577932
405,31,737.734,1.9174280278981568
405,31,740.776,0.5995200776604955
405,31,741.21,0.17110788882580535
405,31,749.008,0.7229622634635132
405,31,750.305,0.6814846361567961
405,31,751.169,-1.3668457405691867
405,31,752.896,-1.675889185963318
405,31,756.775,0.6101843045346104
405,31,758.927,0.7828619739761334
405,31,761.076,-1.3247135958541478
405,31,762.365,0.39705572762955027
405,31,763.223,0.9029356597746587
405,31,808.599,-0.8676712639021338
405,31,841.0,-0.98847446724376
405,31,856.174,-0.9668619099287027
405,31,865.138,-1.2841978000928844
405,31,902.15,-1.0129700456840363
405,31,938.027,0.49912198705084315
405,31,939.588,0.8117701329080602
405,31,941.147,1.2306785992951796
405,31,941.537,1.33535993421811
405,31,942.315,1.062807384064885
405,31,946.982,1.3340330428702274
405,31,947.37,0.9926291736786277
405,31,948.146,0.7924686636249216
405,31,949.698,1.313522480984738
405,32,498.821,-1.2647278891512084
405,32,499.31,-1.6997292852011108
405,32,502.727,-0.560080090373864
405,32,504.19,-1.5005104766023853
405,32,505.164,1.9233659866720985
405,32,506.139,-0.1639063329112602
405,32,508.086,0.09668282955710422
405,32,658.757,0.4212178412350193
405,32,687.518,0.2639445010021423
405,32,689.301,0.6173467336849382
405,32,691.084,0.3351976134385073
405,32,729.017,-1.0454569687787858
405,32,732.072,0.27937979399496593
405,32,733.38,-1.7238169545400237
405,32,735.559,0.4366040253496952
405,32,736.864,0.8762133375031483
405,32,737.734,1.9564328025893325
405,32,740.776,0.6100699245838973
405,32,741.21,0.17022123548661447
405,32,749.008,0.761920458416779
405,32,750.305,0.723637717421543
405,32,751.169,-1.3829776058354883
405,32,752.896,-1.6973499138691865
405,32,756.775,0.659223685974398
405,32,758.927,0.835660104877054
405,32,761.076,-1.3324795671778065
405,32,762.365,0.4419357620142118
405,32,763.223,0.9604868147086089
405,32,808.599,-0.8575901588807069
405,32,841.0,-0.9852250853783109
405,32,856.174,-0.9627094691119249
405,32,865.138,-1.290649553023816
405,32,902.15,-1.0122175052711715
405,32,939.588,0.8569017011317361
405,32,941.147,1.2886368484052158
405,32,941.537,1.398129274591333
405,32,942.315,1.1107446149011673
405,32,946.982,1.3917083307106373
405,32,947.37,1.0401168842827393
405,32,948.146,0.8373925954370858
405,32,949.698,1.3676495548100456
405,33,498.821,-1.2926063768319755
405,33,499.31,-1.7504945267024739
405,33,502.727,-0.5965115808902242
405,33,504.19,-1.6559854146111086
405,33,505.164,1.9529070876226646
405,33,506.139,-0.2412749359797428
405,33,508.086,0.03293124717354815
405,33,658.757,0.4225986214450356
405,33,687.518,0.26512268923238064
405,33,689.301,0.6065393755971829
405,33,691.084,0.3026508530203949
405,33,729.017,-1.2438513978350552
405,33,732.072,0.1758241944836531
405,33,733.38,-1.9300693033000815
405,33,735.559,0.3594807516352403
405,33,736.864,0.8535876439752113
405,33,737.734,1.979263274680807
405,33,740.776,0.5999580936211354
405,33,741.21,0.13942359016881156
405,33,749.008,0.8382927735877331
405,33,750.305,0.8163062701246687
405,33,751.169,-1.39744997536067
405,33,752.896,-1.71945683756068
405,33,756.775,0.7768541684862275
405,33,758.927,0.9846932234436877
405,33,761.076,-1.3092367001869407
405,33,762.365,0.5652560673167331
405,33,763.223,1.1088660854115246
405,33,808.599,-0.7720146148323082
405,33,841.0,-0.9066782182651568
405,33,856.174,-0.8866684450841756
405,33,865.138,-1.2289873110440217
405,33,902.15,-0.9385293163087784
405,33,941.147,1.4845729754030605
405,33,941.537,1.5988469610555935
405,33,942.315,1.2954396984692165
405,33,946.982,1.5908540814941432
405,33,948.146,1.0203528830803126
405,33,949.698,1.5649918042622262
405,34,498.821,-1.3768545818785982
405,34,499.31,-1.8705358724955177
405,34,502.727,-0.5521796942985729
405,34,504.19,-1.731751132092454
405,34,505.164,2.232185270859946
405,34,506.139,-0.20461517020684675
405,34,508.086,0.07858505535204482
405,34,658.757,0.4992169837866917
405,34,687.518,0.28618977360755776
405,34,689.301,0.6669903954235342
405,34,729.017,-1.3031161418799801
405,34,732.072,0.27683922902282
405,34,733.38,-2.042071925433554
405,34,735.559,0.5118615294266328
405,34,736.864,1.0537123553906638
405,34,737.734,2.314733935574643
405,34,749.008,1.0111526839683314
405,34,751.169,-1.4653936849296016
405,34,752.896,-1.82817952727465
405,34,756.775,0.9267665522598585
405,34,758.927,1.1388713793773644
405,34,761.076,-1.4068347730661923
405,34,762.365,0.6740771984297905
405,34,763.223,1.2697242968593558
405,34,808.599,-0.8636993775926811
405,34,856.174,-1.0079567280028703
405,34,865.138,-1.3878257230446402
405,34,902.15,-1.0684098971181148
405,34,941.147,1.612068917924868
405,34,941.537,1.748671999263105
405,34,942.315,1.3953117292869783
405,34,946.982,1.731960662433873
405,34,949.698,1.696346334144288
405,35,498.821,-1.3686457257889146
405,35,499.31,-1.859712411996069
405,35,502.727,-0.5746156341612803
405,35,504.19,-1.7240820755807262
405,35,505.164,2.1719763128831806
405,35,506.139,-0.22483826776838892
405,35,658.757,0.49534954084807953
405,35,687.518,0.2947481221609386
405,35,689.301,0.6647208005465826
405,35,729.017,-1.2825461170392989
405,35,732.072,0.27633551015601726
405,35,733.38,-2.0129948395615687
405,35,735.559,0.5061853412311049
405,35,736.864,1.0381394556528527
405,35,737.734,2.2819735489481587
405,35,749.008,0.9947496635696552
405,35,751.169,-1.4533801442226297
405,35,752.896,-1.8087293984083403
405,35,756.775,0.9055855943856309
405,35,758.927,1.116773881090357
405,35,761.076,-1.3909161566677624
405,35,762.365,0.6596560417383439
405,35,763.223,1.2502474230443807
405,35,808.599,-0.8520102883090226
405,35,856.174,-0.990624774702212
405,35,865.138,-1.3665685075878107
405,35,902.15,-1.0529885468699742
405,35,941.147,1.5922260266553225
405,35,941.537,1.7232219111360985
405,35,942.315,1.3780632605608194
405,35,946.982,1.708631733787099
405,35,949.698,1.6750646990939713
405,36,498.821,-1.3610683608017933
405,36,499.31,-1.849654209944976
405,36,502.727,-0.5764179075831011
405,36,504.19,-1.7350215789226742
405,36,505.164,2.18117352650056
405,36,506.139,-0.23443182478497035
405,36,658.757,0.4998211393104769
405,36,687.518,0.2964833542840504
405,36,689.301,0.6607451249388201
405,36,729.017,-1.2477609542430186
405,36,732.072,0.3403149231932366
405,36,733.38,-1.9516485112222663
405,36,735.559,0.5912053177603588
405,36,736.864,1.127498581404565
405,36,737.734,2.38301742248934
405,36,751.169,-1.3861289312303178
405,36,752.896,-1.751881854932576
405,36,756.775,0.9737456536106496
405,36,758.927,1.1814092264829381
405,36,761.076,-1.3430305093788946
405,36,762.365,0.7152073828287048
405,36,763.223,1.311315741594905
405,36,808.599,-0.8406347998991935
405,36,856.174,-0.9870991067580063
405,36,865.138,-1.3675472479961717
405,36,902.15,-1.0564154644293442
405,36,941.147,1.604789599920588
405,36,941.537,1.732821951078864
405,36,942.315,1.393180295581256
405,36,946.982,1.7227513144845692
405,36,949.698,1.6888653230228983
405,37,498.821,-1.485822521830008
405,37,499.31,-2.00201776944031
405,37,504.19,-1.7233471464529633
405,37,505.164,2.5277822092198416
405,37,506.139,-0.13392140022746538
405,37,658.757,0.5875799480009523
405,37,687.518,0.26305393769933755
405,37,689.301,0.7146214528859405
405,37,729.017,-1.211261122869822
405,37,732.072,0.5319970651171287
405,37,733.38,-2.01229931200649
405,37,735.559,0.8236125855822759
405,37,736.864,1.3837221386429392
405,37,737.734,2.7997121752100833
405,37,751.169,-1.5626545202584408
405,37,752.896,-1.977834159678316
405,37,756.775,1.0358165973530473
405,37,758.927,1.2408515371234032
405,37,761.076,-1.5617639370654057
405,37,762.365,0.7352211299398591
405,37,763.223,1.3927261993439202
405,37,808.599,-1.0614570663158054
405,37,856.174,-1.2290728273093334
405,37,865.138,-1.6586779539946634
405,37,941.147,1.6455008232009896
405,37,941.537,1.7896258450299831
405,37,942.315,1.4027793169058849
405,37,946.982,1.769932327040596
405,37,949.698,1.735196597489322
405,38,498.821,-1.7898296574073076
405,38,499.31,-2.443261015669845
405,38,504.19,-1.296167965324747
405,38,505.164,4.674499287356816
405,38,506.139,0.7702960308845834
405,38,658.757,0.9526762728946175
405,38,687.518,-0.151568592160279
405,38,689.301,0.7964101642575926
405,38,729.017,-0.8309922279302353
405,38,732.072,1.581492053292885
405,38,733.38,-2.0694685031393547
405,38,735.559,2.1025211457323154
405,38,736.864,2.807108610606689
405,38,737.734,4.936727680340257
405,38,751.169,-2.225355531469181
405,38,752.896,-2.9491916557389435
405,38,756.775,1.3955413660404217
405,38,758.927,1.5566886410832097
405,38,761.076,-2.576024390992871
405,38,762.365,0.794978626179972
405,38,763.223,1.688752960985597
405,38,808.599,-2.207282817270712
405,38,941.147,1.717914541969391
405,38,941.537,1.9555092256404754
405,38,942.315,1.3169888284825135
405,38,946.982,1.8750831936638281
405,38,949.698,1.808037022269003
405,39,498.821,-1.7898296574073076
405,39,499.31,-2.443261015669845
405,39,504.19,-1.296167965324747
405,39,505.164,4.674499287356816
405,39,506.139,0.7702960308845834
405,39,658.757,0.9526762728946175
405,39,687.518,-0.151568592160279
405,39,689.301,0.7964101642575926
405,39,729.017,-0.8309922279302353
405,39,732.072,1.581492053292885
405,39,733.38,-2.0694685031393547
405,39,735.559,2.1025211457323154
405,39,736.864,2.807108610606689
405,39,737.734,4.936727680340257
405,39,751.169,-2.225355531469181
405,39,752.896,-2.9491916557389435
405,39,756.775,1.3955413660404217
405,39,758.927,1.5566886410832097
405,39,761.076,-2.576024390992871
405,39,762.365,0.794978626179972
405,39,763.223,1.688752960985597
405,39,808.599,-2.207282817270712
405,39,941.147,1.717914541969391
405,39,941.537,1.9555092256404754
405,39,942.315,1.3169888284825135
405,39,946.982,1.8750831936638281
405,39,949.698,1.808037022269003
405,40,498.821,-1.7448304260560314
405,40,499.31,-2.3845330256249757
405,40,504.19,-1.2942512629708836
405,40,505.164,4.568160369929404
405,40,506.139,0.7303705965889985
405,40,658.757,0.9883552122204247
405,40,687.518,-0.10867489440561424
405,40,689.301,0.8043806762170369
405,40,732.072,1.3004896552934078
405,40,733.38,-2.3001015953943758
405,40,735.559,1.8022836346734359
405,40,736.864,2.509553958522384
405,40,737.734,4.607935651315233
405,40,751.169,-2.2539534550721263
405,40,752.896,-2.941040544847903
405,40,756.775,1.339975146518212
405,40,758.927,1.5178021539204734
405,40,761.076,-2.52402787128377
405,40,762.365,0.7793748556708061
405,40,763.223,1.6667904246270078
405,40,808.599,-2.0864266395812963
405,40,941.147,1.7639572975070317
405,40,941.537,1.992903002814745
405,40,942.315,1.3744308702291579
405,40,946.982,1.917539968869639
405,40,949.698,1.8508247787357686
405,41,498.821,-1.9187476436211224
405,41,499.31,-2.5890168729894087
405,41,504.19,-1.384087229992182
405,41,505.164,4.862655056469356
405,41,506.139,0.8015117366718344
405,41,658.757,0.9038828228021409
405,41,687.518,-0.16437951823710312
405,41,689.301,0.8339562143651797
405,41,733.38,-2.0456701546463325
405,41,735.559,2.2494986209687733
405,41,736.864,2.9769993026589394
405,41,737.734,5.153255319409689
405,41,751.169,-2.3880381421879657
405,41,752.896,-3.1628109262905095
405,41,756.775,1.3605492967464172
405,41,762.365,0.7233496573412522
405,41,763.223,1.6530153690704388
405,41,808.599,-2.3912260409627364
405,41,941.147,1.7391230395001767
405,41,941.537,1.9692552365290257
405,41,942.315,1.339895931656865
405,41,946.982,1.9055001696137428
405,41,949.698,1.8456178515322739
405,42,498.821,-1.9187476436211224
405,42,499.31,-2.5890168729894087
405,42,504.19,-1.384087229992182
405,42,505.164,4.862655056469356
405,42,506.139,0.8015117366718344
405,42,658.757,0.9038828228021409
405,42,687.518,-0.16437951823710312
405,42,689.301,0.8339562143651797
405,42,733.38,-2.0456701546463325
405,42,735.559,2.2494986209687733
405,42,736.864,2.9769993026589394
405,42,737.734,5.153255319409689
405,42,751.169,-2.3880381421879657
405,42,752.896,-3.1628109262905095
405,42,756.775,1.3605492967464172
405,42,762.365,0.7233496573412522
405,42,763.223,1.6530153690704388
405,42,808.599,-2.3912260409627364
405,42,941.147,1.7391230395001767
405,42,941.537,1.9692552365290257
405,42,942.315,1.339895931656865
405,42,946.982,1.9055001696137428
405,42,949.698,1.8456178515322739
405,43,498.821,-1.8934250612098384
405,43,499.31,-2.565014095443973
405,43,504.19,-1.3849226328039492
405,43,505.164,4.8417684064860715
405,43,506.139,0.7837058472888226
405,43,658.757,0.926051718848871
405,43,687.518,-0.160420060469136
405,43,689.301,0.8247756407382005
405,43,733.38,-2.0232378157598063
405,43,735.559,2.296695569838213
405,43,736.864,3.0299111715705287
405,43,737.734,5.2186340031047775
405,43,751.169,-2.3030864462139093
405,43,752.896,-3.077067917462306
405,43,756.775,1.4459872783972
405,43,763.223,1.7351213419344902
405,43,808.599,-2.340537669543912
405,43,941.147,1.7630992843477566
405,43,941.537,1.9974887808337378
405,43,942.315,1.3580484643728277
405,43,946.982,1.929568676549559
405,43,949.698,1.8653711290302548
405,44,498.821,-1.7971536129094257
405,44,499.31,-2.446186313808622
405,44,504.19,-1.1392893720392834
405,44,505.164,4.851164043365228
405,44,658.757,1.1967742640606114
405,44,687.518,-0.10993231635313548
405,44,689.301,0.8757046850620811
405,44,735.559,1.5113971149802738
405,44,736.864,2.259195282396688
405,44,737.734,4.450077958718773
405,44,751.169,-2.6613734197072545
405,44,752.896,-3.350982364397235
405,44,756.775,1.2092243459759202
405,44,763.223,1.605222981268305
405,44,808.599,-2.2277096319338323
405,44,941.147,1.8342994405247737
405,44,941.537,2.0810963198984243
405,44,942.315,1.3998143061448083
405,44,946.982,1.9898462692752397
405,44,949.698,1.9203667544942282
405,45,498.821,-1.7971536129094257
405,45,499.31,-2.446186313808622
405,45,504.19,-1.1392893720392834
405,45,505.164,4.851164043365228
405,45,658.757,1.1967742640606114
405,45,687.518,-0.10993231635313548
405,45,689.301,0.8757046850620811
405,45,735.559,1.5113971149802738
405,45,736.864,2.259195282396688
405,45,737.734,4.450077958718773
405,45,751.169,-2.6613734197072545
405,45,752.896,-3.350982364397235
405,45,756.775,1.2092243459759202
405,45,763.223,1.605222981268305
405,45,808.599,-2.2277096319338323
405,45,941.147,1.8342994405247737
405,45,941.537,2.0810963198984243
405,45,942.315,1.3998143061448083
405,45,946.982,1.9898462692752397
405,45,949.698,1.9203667544942282
405,46,498.821,-1.969132537768369
405,46,499.31,-2.613984164672358
405,46,504.19,-1.2920166856883712
405,46,505.164,4.654450322971287
405,46,658.757,1.0952929927847264
405,46,687.518,-0.01898720051261842
405,46,689.301,0.9709295542777568
405,46,735.559,0.9131797424617161
405,46,736.864,1.6346831636602994
405,46,737.734,3.715796976816202
405,46,751.169,-3.125689257363423
405,46,756.775,0.707880316714504
405,46,763.223,1.1719196742812552
405,46,808.599,-2.312393483384421
405,46,941.147,1.7797699341973392
405,46,941.537,2.0036134849208858
405,46,942.315,1.3794405945722528
405,46,946.982,1.9379716031733034
405,46,949.698,1.8814101050623675
405,47,498.821,-2.438780915338822
405,47,499.31,-3.040261956271661
405,47,504.19,-1.7316245363437994
405,47,505.164,4.6998639674201526
405,47,658.757,2.396245170798205
405,47,735.559,1.9539813822880778
405,47,736.864,1.249484590834075
405,47,737.734,4.040236562711514
405,47,751.169,-2.9944785471489297
405,47,756.775,2.0452723552417122
405,47,763.223,3.319831967585792
405,47,808.599,-2.616970616174184
405,47,941.147,1.359243297744202
405,47,941.537,1.8717212093236972
405,47,942.315,0.865874969834193
405,47,946.982,1.8456520173419477
405,47,949.698,1.5820228637254141
405,48,498.821,-2.438780915338822
405,48,499.31,-3.040261956271661
405,48,504.19,-1.7316245363437994
405,48,505.164,4.6998639674201526
405,48,658.757,2.396245170798205
405,48,735.559,1.9539813822880778
405,48,736.864,1.249484590834075
405,48,737.734,4.040236562711514
405,48,751.169,-2.9944785471489297
405,48,756.775,2.0452723552417122
405,48,763.223,3.319831967585792
405,48,808.599,-2.616970616174184
405,48,941.147,1.359243297744202
405,48,941.537,1.8717212093236972
405,48,942.315,0.865874969834193
405,48,946.982,1.8456520173419477
405,48,949.698,1.5820228637254141
405,49,498.821,-2.399854212108191
405,49,499.31,-3.0121264402652024
405,49,504.19,-2.0357384336669817
405,49,505.164,4.477335274782242
405,49,658.757,2.389472131406473
405,49,735.559,1.7605884121848783
405,49,736.864,1.0952978531482354
405,49,737.734,3.898522925220624
405,49,751.169,-3.0219202300006947
405,49,756.775,2.17046113790241
405,49,763.223,3.5268221878799895
405,49,808.599,-2.352924149674992
405,49,941.147,1.6982870413116036
405,49,941.537,2.192568695971872
405,49,942.315,1.2107288621522414
405,49,949.698,1.9443986196730776
405,50,498.821,-2.438715888959265
405,50,499.31,-3.0584737113129843
405,50,504.19,-1.6516058363343784
405,50,505.164,5.426269055335209
405,50,658.757,2.738864990867193
405,50,735.559,2.162378084729287
405,50,737.734,4.623731635859293
405,50,751.169,-2.9649401180108574
405,50,763.223,4.249062998963909
405,50,808.599,-2.5773043135288956
405,50,941.147,1.8018245242424225
405,50,941.537,2.37114985109127
405,50,942.315,1.236137055571289
405,50,949.698,2.04993177247953
405,51,498.821,-2.197939853960423
405,51,499.31,-2.784968864155444
405,51,504.19,-1.7778459004947564
405,51,505.164,4.740561493062136
405,51,658.757,2.6706411816564346
405,51,735.559,2.0049549432523435
405,51,737.734,4.387855164425605
405,51,751.169,-2.246817241999946
405,51,808.599,-1.912097568187416
405,51,941.147,1.9153006906905095
405,51,941.537,2.432397404288487
405,51,942.315,1.3978030990987167
405,51,949.698,2.150756195368226
405,52,498.821,-2.355177861096672
405,52,499.31,-2.947874394009616
405,52,504.19,-2.0030172640537196
405,52,505.164,4.157869708902896
405,52,658.757,2.373757996327358
405,52,735.559,1.4999067731563152
405,52,737.734,3.5678171966898167
405,52,751.169,-2.810938974746888
405,52,941.147,1.6353259890576213
405,52,941.537,2.100235015148156
405,52,942.315,1.1720893878886753
405,52,949.698,1.867337974928739
405,53,498.821,-2.3080908130650566
405,53,499.31,-3.0412112956058284
405,53,504.19,-1.7386547342057104
405,53,505.164,5.185812173684488
405,53,658.757,1.807688843973926
405,53,735.559,1.5490914043657005
405,53,737.734,5.378005236400184
405,53,751.169,-2.866853171520955
405,53,941.537,3.0009409939267653
405,53,942.315,2.096030598168224
405,53,949.698,2.8108335543880942
405,54,498.821,-2.3080908130650566
405,54,499.31,-3.0412112956058284
405,54,504.19,-1.7386547342057104
405,54,505.164,5.185812173684488
405,54,658.757,1.807688843973926
405,54,735.559,1.5490914043657005
405,54,737.734,5.378005236400184
405,54,751.169,-2.866853171520955
405,54,941.537,3.0009409939267653
405,54,942.315,2.096030598168224
405,54,949.698,2.8108335543880942
405,55,498.821,-2.343929837735602
405,55,499.31,-2.992573920194613
405,55,504.19,-1.9528087562501046
405,55,505.164,5.052933098335342
405,55,658.757,2.643537863893667
405,55,737.734,5.309466367680557
405,55,751.169,-1.8809990628569455
405,55,941.537,2.6765672059347887
405,55,942.315,1.5438172939043464
405,55,949.698,2.3732681543579304
405,56,498.821,-2.343929837735602
405,56,499.31,-2.992573920194613
405,56,504.19,-1.9528087562501046
405,56,505.164,5.052933098335342
405,56,658.757,2.643537863893667
405,56,737.734,5.309466367680557
405,56,751.169,-1.8809990628569455
405,56,941.537,2.6765672059347887
405,56,942.315,1.5438172939043464
405,56,949.698,2.3732681543579304
405,57,498.821,-2.343929837735602
405,57,499.31,-2.992573920194613
405,57,504.19,-1.9528087562501046
405,57,505.164,5.052933098335342
405,57,658.757,2.643537863893667
405,57,737.734,5.309466367680557
405,57,751.169,-1.8809990628569455
405,57,941.537,2.6765672059347887
405,57,942.315,1.5438172939043464
405,57,949.698,2.3732681543579304
405,58,498.821,-2.2314501753141838
405,58,499.31,-2.9085457019212586
405,58,504.19,-2.2817114739938598
405,58,505.164,5.191712032891863
405,58,658.757,2.67793920548408
405,58,737.734,5.292934865825923
405,58,751.169,-1.8011387705214021
405,58,941.537,3.235917876478246
405,58,949.698,3.0736701541503924
405,59,498.821,-2.2314501753141838
405,59,499.31,-2.9085457019212586
405,59,504.19,-2.2817114739938598
405,59,505.164,5.191712032891863
405,59,658.757,2.67793920548408
405,59,737.734,5.292934865825923
405,59,751.169,-1.8011387705214021
405,59,941.537,3.235917876478246
405,59,949.698,3.0736701541503924
405,60,498.821,-2.2314501753141838
405,60,499.31,-2.9085457019212586
405,60,504.19,-2.2817114739938598
405,60,505.164,5.191712032891863
405,60,658.757,2.67793920548408
405,60,737.734,5.292934865825923
405,60,751.169,-1.8011387705214021
405,60,941.537,3.235917876478246
405,60,949.698,3.0736701541503924
405,61,498.821,-2.2314501753141838
405,61,499.31,-2.9085457019212586
405,61,504.19,-2.2817114739938598
405,61,505.164,5.191712032891863
405,61,658.757,2.67793920548408
405,61,737.734,5.292934865825923
405,61,751.169,-1.8011387705214021
405,61,941.537,3.235917876478246
405,61,949.698,3.0736701541503924
405,62,498.821,-2.5224561604074176
405,62,499.31,-3.492276454758028
405,62,505.164,3.4660335697527462
405,62,658.757,2.5282965830342192
405,62,737.734,7.71196874170125
405,62,751.169,-0.07345865598976034
405,62,941.537,7.150924982246711
405,63,498.821,-2.5224561604074176
405,63,499.31,-3.492276454758028
405,63,505.164,3.4660335697527462
405,63,658.757,2.5282965830342192
405,63,737.734,7.71196874170125
405,63,751.169,-0.07345865598976034
405,63,941.537,7.150924982246711
405,64,499.31,-5.531559346551751
405,64,505.164,2.8799148682424294
405,64,658.757,2.4915097035209492
405,64,737.734,6.954176946934832
405,64,751.169,-3.059504596145423
405,64,941.537,6.348349769619069
405,65,499.31,-5.692694844112316
405,65,505.164,3.652164207712832
405,65,658.757,2.5271665379616834
405,65,737.734,6.129327519893065
405,65,941.537,6.093629549201973
405,66,499.31,-5.174071265953967
405,66,505.164,4.111995474470322
405,66,737.734,3.7591368441045865
405,66,941.537,7.018881136561424
405,67,499.31,-5.174071265953967
405,67,505.164,4.111995474470322
405,67,737.734,3.7591368441045865
405,67,941.537,7.018881136561424
405,68,499.31,-5.174071265953967
405,68,505.164,4.111995474470322
405,68,737.734,3.7591368441045865
405,68,941.537,7.018881136561424
405,69,499.31,-5.174071265953967
405,69,505.164,4.111995474470322
405,69,737.734,3.7591368441045865
405,69,941.537,7.018881136561424
405,70,499.31,-5.174071265953967
405,70,505.164,4.111995474470322
405,70,737.734,3.7591368441045865
405,70,941.537,7.018881136561424
405,71,499.31,-5.174071265953967
405,71,505.164,4.111995474470322
405,71,737.734,3.7591368441045865
405,71,941.537,7.018881136561424
405,72,499.31,-5.174071265953967
405,72,505.164,4.111995474470322
405,72,737.734,3.7591368441045865
405,72,941.537,7.018881136561424
405,73,499.31,-5.174071265953967
405,73,505.164,4.111995474470322
405,73,737.734,3.7591368441045865
405,73,941.537,7.018881136561424
405,74,499.31,-5.174071265953967
405,74,505.164,4.111995474470322
405,74,737.734,3.7591368441045865
405,74,941.537,7.018881136561424
405,75,499.31,-5.174071265953967
405,75,505.164,4.111995474470322
405,75,737.734,3.7591368441045865
405,75,941.537,7.018881136561424
405,76,499.31,-5.174071265953967
405,76,505.164,4.111995474470322
405,76,737.734,3.7591368441045865
405,76,941.537,7.018881136561424
405,77,499.31,-4.3996828905141445
405,77,505.164,2.363584742296202
405,77,941.537,5.636688511001378
405,78,499.31,-4.3996828905141445
405,78,505.164,2.363584742296202
405,78,941.537,5.636688511001378
405,79,499.31,-4.3996828905141445
405,79,505.164,2.363584742296202
405,79,941.537,5.636688511001378
405,80,499.31,-4.3996828905141445
405,80,505.164,2.363584742296202
405,80,941.537,5.636688511001378
405,81,499.31,-4.3996828905141445
405,81,505.164,2.363584742296202
405,81,941.537,5.636688511001378
405,82,499.31,-4.3996828905141445
405,82,505.164,2.363584742296202
405,82,941.537,5.636688511001378
405,83,499.31,-4.3996828905141445
405,83,505.164,2.363584742296202
405,83,941.537,5.636688511001378
405,84,499.31,-4.3996828905141445
405,84,505.164,2.363584742296202
405,84,941.537,5.636688511001378
405,85,499.31,-3.6958951342098887
405,85,941.537,4.873052021669313
405,86,499.31,-3.6958951342098887
405,86,941.537,4.873052021669313
405,87,499.31,-3.6958951342098887
405,87,941.537,4.873052021669313
405,88,499.31,-3.6958951342098887
405,88,941.537,4.873052021669313
405,89,499.31,-3.6958951342098887
405,89,941.537,4.873052021669313
405,90,499.31,-3.6958951342098887
405,90,941.537,4.873052021669313
405,91,941.537,3.1864299328061536
405,92,941.537,3.1864299328061536
405,93,941.537,3.1864299328061536
405,94,941.537,3.1864299328061536
405,95,941.537,3.1864299328061536
405,96,941.537,3.1864299328061536
405,97,941.537,3.1864299328061536
405,98,941.537,3.1864299328061536
405,99,941.537,3.1864299328061536
405,100,941.537,3.1864299328061536
