Run,Iteration,Wavelengths,Cofficients
19,1,450.903,0.08700949068553634
19,1,451.902,0.09571907594547453
19,1,452.401,0.0877312067424828
19,1,452.9,0.13835117777193615
19,1,456.888,-0.09134651521531635
19,1,457.386,0.12046961643365227
19,1,458.879,0.07301116771574706
19,1,459.377,0.07621707707027167
19,1,461.366,0.054736664391307324
19,1,462.36,0.15118490217059652
19,1,462.857,0.14279555930189966
19,1,463.85,0.08088326689488448
19,1,464.843,0.0454867129037224
19,1,465.339,-0.06653931373826032
19,1,465.835,0.08410450262588784
19,1,468.314,0.08922989292940078
19,1,472.769,-0.042402190715602785
19,1,473.758,-0.11626519717401251
19,1,475.734,-0.08817609341284588
19,1,476.721,-0.0660423255092456
19,1,477.215,-0.06252624969830166
19,1,479.188,-0.05786169902410124
19,1,479.681,0.044266238486465596
19,1,480.667,-0.04340992976300486
19,1,481.159,0.03917619911589949
19,1,485.588,-0.0662903619721785
19,1,486.08,0.04098166640160079
19,1,487.063,-0.20940489862090977
19,1,489.027,-0.19887384814478062
19,1,490.008,-0.07267692280527688
19,1,490.499,-0.15826178486773873
19,1,491.48,-0.05543747613126769
19,1,491.97,-0.19692302423989294
19,1,492.95,-0.05622714826401568
19,1,494.419,-0.21713322021087605
19,1,496.377,0.1879472334729898
19,1,497.355,0.18739130624360908
19,1,497.844,-0.04036635894169801
19,1,498.333,0.21699303182460042
19,1,498.821,-0.34472517632402744
19,1,499.31,-0.48182708013920333
19,1,500.287,-0.3045652639410696
19,1,500.775,0.46777171894084596
19,1,501.263,-0.06480873021182837
19,1,501.751,-0.18701234050875673
19,1,502.727,-0.35355268126107536
19,1,503.215,-0.24322365223702055
19,1,503.702,0.5082334252074752
19,1,504.19,-0.7631368363471887
19,1,504.677,0.17448972609332963
19,1,505.164,0.6285686388809195
19,1,505.651,-0.16455946931041798
19,1,506.139,-0.30523682736609015
19,1,506.625,0.47430576095348376
19,1,507.112,-0.2442601645649867
19,1,507.599,0.01213819217378331
19,1,508.086,-0.21035608018177065
19,1,508.572,0.11480136426433399
19,1,509.058,0.1669988857618528
19,1,509.545,-0.3536598173350478
19,1,510.031,0.12763873125858624
19,1,511.003,-0.1334235499472998
19,1,511.489,-0.041611831024664786
19,1,513.431,0.09483103969412927
19,1,514.401,-0.09410824018203784
19,1,515.371,-0.04070338056434239
19,1,516.341,-0.08614409876645933
19,1,517.795,-0.080795446487337
19,1,518.279,-0.028320373285933908
19,1,518.763,-0.05505886460570678
19,1,520.215,0.06342955622258252
19,1,521.666,-0.02485022168659498
19,1,524.082,-0.05105984472278109
19,1,525.048,-0.048545178440935775
19,1,527.46,-0.0381069739176672
19,1,527.942,-0.07723341070855226
19,1,529.388,-0.05608561692357587
19,1,530.351,-0.036805343696381485
19,1,530.833,-0.04978608324304267
19,1,531.314,-0.05544613626228662
19,1,531.795,-0.07428566990321447
19,1,534.2,-0.07880917663055675
19,1,535.161,-0.06973647613102371
19,1,536.122,-0.07984830054450916
19,1,536.602,-0.04600230657859278
19,1,538.042,-0.036531110530794636
19,1,539.96,-0.044588565888114336
19,1,540.44,-0.03093976645001846
19,1,541.398,-0.027677370471340113
19,1,542.356,-0.06922767289915355
19,1,543.313,-0.026838096684558593
19,1,544.27,-0.04088321507364668
19,1,544.749,-0.048330126902490556
19,1,546.661,-0.05067473040356477
19,1,547.139,-0.034655832200775956
19,1,548.094,-0.04297099819416762
19,1,549.049,-0.02347337829387597
19,1,549.526,-0.0674256818101115
19,1,550.003,-0.03218652740013209
19,1,550.48,-0.04528433105234434
19,1,551.911,-0.03816051819222291
19,1,552.387,-0.04415521056766073
19,1,552.864,-0.038502208065745815
19,1,554.293,-0.032918205690223516
19,1,560.474,-0.04595406821436827
19,1,562.372,-0.00964768398323831
19,1,563.32,-0.04261005530184717
19,1,568.529,-0.018449170307470925
19,1,571.365,-0.02089704143096907
19,1,571.837,-0.020737688553239573
19,1,576.554,-0.038883237690065874
19,1,580.319,-0.023253169103236594
19,1,585.017,-0.030554348945870217
19,1,587.83,0.02115456024803897
19,1,589.704,-0.033278037478932994
19,1,591.108,0.013615311070220173
19,1,592.978,-0.03842945828900778
19,1,595.781,-0.07205898167346268
19,1,597.647,-0.049525065107824055
19,1,600.444,-0.06733055059474383
19,1,601.375,-0.052372095192693945
19,1,602.771,-0.06252034678747583
19,1,603.236,-0.02683185989129057
19,1,603.702,0.02159469271031476
19,1,611.128,0.020911602436871967
19,1,612.981,0.07948276622679287
19,1,614.369,0.06188226355794511
19,1,614.832,0.05732456554238968
19,1,616.219,0.07012301984066838
19,1,617.143,0.04376624199806209
19,1,617.605,0.10965224881232037
19,1,618.067,0.08297885410499654
19,1,618.529,0.09025796069166139
19,1,620.836,0.12360739600032498
19,1,621.297,0.1468839737717315
19,1,622.219,0.112130835722227
19,1,622.68,0.11342761540929737
19,1,623.14,0.115492702777886
19,1,623.601,0.10290310426459494
19,1,624.061,0.11485527301470345
19,1,624.522,0.09517157096361026
19,1,624.982,0.15085720321753168
19,1,625.442,0.13156068745616656
19,1,625.902,0.1556778198335635
19,1,626.362,0.12868402662169462
19,1,626.822,0.09620405660505582
19,1,627.282,0.13001215849203013
19,1,627.742,0.14686615457622693
19,1,628.661,0.13115478950226545
19,1,629.12,0.1702877565293831
19,1,629.579,0.09257738600591651
19,1,630.038,0.13037979967970015
19,1,630.497,0.15678568365822115
19,1,631.415,0.06203708933085466
19,1,631.874,0.10859417759139843
19,1,632.332,0.09269544229842853
19,1,633.249,0.1565149354333314
19,1,633.708,0.16697617910961446
19,1,634.166,0.09889189386102132
19,1,635.082,0.09706122822641661
19,1,635.54,0.14255737717918696
19,1,636.455,0.10419673964842525
19,1,636.913,0.07649540321854538
19,1,638.285,0.04122614689256056
19,1,639.199,0.0657147846793334
19,1,639.656,0.03258108795065682
19,1,640.57,0.00196307352737878
19,1,641.483,0.008451876257331119
19,1,643.309,-0.12111190105280975
19,1,643.765,-0.11981027173622218
19,1,645.132,-0.17290007165894158
19,1,646.043,-0.2278859064917975
19,1,646.499,-0.17884746213805233
19,1,646.954,-0.22629673718800183
19,1,647.409,-0.19162514595561875
19,1,648.319,-0.17954757570785373
19,1,649.229,-0.1970813965799712
19,1,649.684,-0.31069059282738964
19,1,650.593,-0.14633896382297387
19,1,651.502,-0.16487666170962975
19,1,651.956,-0.04262557037841985
19,1,654.225,-0.0554926983887325
19,1,656.039,-0.012221000885483136
19,1,656.492,-0.048257664954008545
19,1,656.946,-0.09899102997148064
19,1,657.399,0.12366697131535233
19,1,657.851,0.08345788397313048
19,1,658.757,0.13196547245422274
19,1,660.114,0.11770975797138321
19,1,660.567,0.1246811733022718
19,1,661.471,0.08664538473412181
19,1,662.375,0.1298364233327694
19,1,662.826,0.08692353247795159
19,1,663.278,0.06282306265808875
19,1,673.189,-0.006861052303227493
19,1,674.537,-0.03278413363599593
19,1,674.986,-0.020637039514465185
19,1,675.435,-0.04283638759815035
19,1,676.332,-0.04995899998206411
19,1,677.229,-0.0607854322230361
19,1,677.678,-0.07138319189945275
19,1,679.918,-0.05786631788302547
19,1,681.709,-0.039551576651228604
19,1,682.156,-0.03391021842558136
19,1,683.051,-0.04665762768016743
19,1,683.498,-0.05431420571761316
19,1,684.392,-0.0458490270867866
19,1,685.732,-0.06247528653994158
19,1,686.179,0.09024746195444797
19,1,687.518,0.12671600029875296
19,1,688.41,0.18208471853741273
19,1,688.856,0.13211459832523623
19,1,689.301,0.20210220243945634
19,1,690.193,0.1492720593143695
19,1,690.638,0.10161890830213953
19,1,691.084,0.0960866446613532
19,1,691.529,0.10345301128626401
19,1,691.974,0.15307720723163953
19,1,692.419,0.11940858223176162
19,1,692.864,0.15436828296454042
19,1,693.309,0.06932161497786458
19,1,693.754,0.08640439041011604
19,1,694.199,0.08937016548456987
19,1,694.643,0.05182228082351315
19,1,695.088,0.0666937882689894
19,1,698.64,0.03065788116642744
19,1,700.857,0.03684325971897368
19,1,701.743,0.012629857288660005
19,1,706.168,-0.037548992511422435
19,1,708.377,0.01640165957319756
19,1,710.583,-0.04990684991583412
19,1,711.024,-0.02660648222255321
19,1,718.065,0.04878064723161771
19,1,718.504,-0.049078303691712614
19,1,719.383,0.08577682469462242
19,1,722.892,-0.08248965139642375
19,1,723.33,0.02681921417083099
19,1,723.768,0.027583646140498932
19,1,726.394,0.014879018680291949
19,1,727.706,-0.15733925613399238
19,1,728.143,-0.056120522927921905
19,1,728.58,-0.11273178028001762
19,1,729.017,-0.14809701409521597
19,1,730.327,-0.04338437701961996
19,1,730.764,0.1069951663652154
19,1,732.072,0.14605808845122234
19,1,732.509,0.27966329966041165
19,1,733.38,-0.2519371109569798
19,1,733.816,0.08645774358627925
19,1,734.688,0.07015460354941587
19,1,735.559,0.3146390652853013
19,1,735.994,0.24050235403884207
19,1,736.429,0.1300088951139644
19,1,736.864,0.28581259690633065
19,1,737.734,0.6406340064238558
19,1,738.604,0.11614970030165504
19,1,739.907,-0.2244810160510131
19,1,740.776,0.30353501071552524
19,1,741.21,0.3189098519134183
19,1,741.644,0.1840880640745572
19,1,742.078,0.41011798863081544
19,1,742.946,0.2976173411120792
19,1,743.379,0.14202606781163282
19,1,743.813,-0.2566843850577232
19,1,744.246,-0.2711697792373539
19,1,745.113,-0.2784513958366616
19,1,745.546,0.3285326829085581
19,1,745.979,0.2714351494833303
19,1,746.845,0.1393966402020713
19,1,747.278,0.40044907088118037
19,1,747.711,-0.13872759086068737
19,1,748.143,-0.06325844208788999
19,1,748.576,0.11191297583122829
19,1,749.008,0.5246048442885207
19,1,749.873,-0.09784930651993745
19,1,750.305,0.44962655543983093
19,1,751.169,-0.3565300173800664
19,1,751.601,0.28599962044340244
19,1,752.032,0.1707188181518083
19,1,752.464,-0.2717151446350977
19,1,752.896,-0.3551035779190205
19,1,753.327,-0.07956928559876322
19,1,753.758,-0.1639648845238704
19,1,754.19,0.18978445857083198
19,1,754.621,-0.1228890694338402
19,1,755.052,-0.1891098352554459
19,1,755.914,0.3586312838672769
19,1,756.344,0.20196277073362612
19,1,756.775,0.4451743109978765
19,1,757.206,0.0887709338738292
19,1,757.636,0.30419659006738436
19,1,758.066,0.16512562652219825
19,1,758.497,0.2336383332469447
19,1,758.927,0.4772990820420551
19,1,759.787,0.2305520097039087
19,1,760.647,0.2172890493726577
19,1,761.076,-0.2700536831784946
19,1,761.506,-0.0634898051393705
19,1,762.365,0.37772777951767567
19,1,763.223,0.587125656060279
19,1,763.653,0.1878152653575187
19,1,764.082,-0.22143700529940227
19,1,764.939,-0.05557689200028831
19,1,765.368,0.1491141727666599
19,1,766.225,0.3776842544047408
19,1,767.51,0.03830752667876152
19,1,767.938,-0.1661108770084853
19,1,768.367,-0.24211970150473033
19,1,768.795,-0.2772422866318666
19,1,769.222,0.24833876313891676
19,1,769.65,0.33648785932212516
19,1,770.933,-0.06939499098236475
19,1,771.36,0.38372130058866066
19,1,772.215,-0.06385551281440884
19,1,772.642,0.22824461386599745
19,1,773.069,0.16301318256008998
19,1,773.496,-0.2656991700040496
19,1,773.923,-0.02778256007999696
19,1,774.776,-0.14972545342616142
19,1,775.203,-0.21723202282529308
19,1,775.629,0.17307862892172765
19,1,776.055,-0.19431968104996997
19,1,776.482,-0.12823946637700737
19,1,776.908,-0.24867427879193071
19,1,777.334,-0.0236752388162477
19,1,777.76,0.10436762336289342
19,1,778.186,0.15452328608571625
19,1,778.611,0.14325891755320974
19,1,779.463,-0.09187877491273859
19,1,782.439,0.13278732090314185
19,1,782.864,0.2134919414340539
19,1,783.289,-0.06978918930341596
19,1,784.138,-0.1404994235896024
19,1,784.562,-0.05477619066597342
19,1,785.835,-0.294067000528524
19,1,786.259,-0.31973891709103974
19,1,787.531,-0.028231226701513408
19,1,788.802,0.14707909017642015
19,1,789.225,-0.07863231793539864
19,1,789.648,0.10356505839249334
19,1,790.071,-0.3091715731859892
19,1,790.495,0.08726026407966642
19,1,791.763,0.09292022296874507
19,1,792.609,-0.08109503795771268
19,1,793.454,-0.061428037500818676
19,1,793.876,0.07790047891220478
19,1,794.721,0.010658237520586138
19,1,795.143,0.22916640453903223
19,1,795.986,-0.007777006327804875
19,1,796.408,-0.15342900253264224
19,1,797.673,0.3352245211800708
19,1,798.094,0.06379264796941057
19,1,798.516,0.2523729528752332
19,1,798.937,0.18098067492617242
19,1,799.358,-0.2401011826844342
19,1,799.779,-0.13542672164093592
19,1,801.042,-0.07185964315138542
19,1,802.303,-0.08263478841321302
19,1,802.724,0.02537121579932798
19,1,803.984,0.2097492453410704
19,1,804.404,0.16082655565272638
19,1,804.824,0.18946773917096685
19,1,805.244,-0.10117407203486511
19,1,805.664,0.14655521171508065
19,1,806.084,0.20317246680086803
19,1,806.503,0.15753388791898087
19,1,806.923,0.0046548242534178875
19,1,807.342,-0.10771887821224833
19,1,807.761,-0.08739115274868599
19,1,808.599,-0.22215833276125155
19,1,809.856,-0.11752702680824997
19,1,810.693,-0.07929125081167786
19,1,811.112,0.053921183011024436
19,1,811.53,0.13244265578019973
19,1,811.949,0.003942209802231468
19,1,812.367,0.2382694328475064
19,1,813.621,-0.027710355558337826
19,1,816.961,-0.05111917168545312
19,1,817.378,0.3809022193848733
19,1,817.795,0.14030614797255617
19,1,818.212,-0.06995748860855099
19,1,818.629,0.18604600706274135
19,1,819.462,-0.18920649046722526
19,1,821.128,-0.21156007260764123
19,1,822.376,-0.07731223529964211
19,1,823.624,0.11518096639126041
19,1,824.039,-0.16049585942679734
19,1,824.455,0.15398970599350198
19,1,824.87,-0.11040159653803754
19,1,825.701,0.17317761160190714
19,1,826.116,-0.24313292103784148
19,1,827.361,-0.17323783644610447
19,1,828.19,-0.08064207273488214
19,1,829.434,0.11169421703681101
19,1,829.848,-0.07598647598590029
19,1,831.091,0.01959604053453448
19,1,831.505,-0.03206749485447083
19,1,831.919,-0.06608090964975899
19,1,832.332,0.06162098572075803
19,1,833.987,0.17835551334789382
19,1,834.4,-0.018822736794895732
19,1,834.813,-0.10323620269612652
19,1,835.226,-0.09659705889488328
19,1,836.052,-0.1649522880425776
19,1,837.29,-0.013716542634319276
19,1,838.116,-0.1604520342401114
19,1,839.765,-0.07001406788140642
19,1,841.0,-0.2357935849041705
19,1,841.412,-0.17600068409225225
19,1,841.824,-0.06685173347366057
19,1,843.058,-0.048164355802160955
19,1,843.47,-0.0847941670313613
19,1,843.881,0.11086992283301522
19,1,844.703,0.15059981483516596
19,1,846.757,-0.09304644617403997
19,1,847.167,-0.15133468139936482
19,1,847.988,-0.1837466592310557
19,1,849.628,-0.1893559020262447
19,1,850.038,-0.10248888584597854
19,1,850.448,-0.12393622918900292
19,1,850.857,0.07590542068982456
19,1,852.495,-0.13291930538799074
19,1,852.904,0.03495890988819807
19,1,853.313,-0.16239662509819586
19,1,853.722,-0.10905398018322925
19,1,854.54,-0.16720773088408353
19,1,854.949,-0.33802793316204743
19,1,855.357,-0.1391905245888454
19,1,855.766,-0.1487782738326882
19,1,856.174,-0.226414483784261
19,1,856.583,-0.12103268420609282
19,1,856.991,-0.1270984096309862
19,1,857.807,-0.1004100233885809
19,1,858.623,0.19756641843461556
19,1,859.031,-0.11024104572442303
19,1,859.439,0.07893526098635538
19,1,859.846,-0.10846638455948784
19,1,860.254,-0.12848019189552748
19,1,860.661,0.15875853863870742
19,1,861.476,-0.09789718912104764
19,1,862.29,-0.22547226400350467
19,1,863.104,-0.1503261828187271
19,1,864.325,-0.1482399357568195
19,1,865.138,-0.3429300943563315
19,1,865.95,-0.07826514584531247
19,1,866.357,-0.1261432644450077
19,1,867.169,-0.13720531700182115
19,1,868.386,-0.11158990842594901
19,1,868.792,-0.2039450562603744
19,1,870.414,0.01055417246338331
19,1,871.629,-0.17241549810221446
19,1,872.034,-0.07693643450914185
19,1,872.439,-0.12017808399522201
19,1,874.057,-0.0372907895094156
19,1,874.462,0.06127507342985886
19,1,875.27,-0.08392502704464337
19,1,875.674,0.09472872134846815
19,1,876.886,-0.1433291586383922
19,1,877.694,-0.0464392010285902
19,1,878.501,-0.17504993323005352
19,1,878.904,-0.12279765546477829
19,1,879.308,-0.031084543924653853
19,1,879.711,-0.1898795639954981
19,1,880.114,-0.10989858870516019
19,1,881.323,-0.044604307110980145
19,1,881.726,0.0738750361939968
19,1,883.336,0.11417916201801316
19,1,884.141,-0.06718071695485682
19,1,884.945,-0.029470008546702817
19,1,886.954,-0.09909853363845483
19,1,888.56,-0.05530360846453003
19,1,890.164,0.11345492031116039
19,1,890.565,-0.052237469614390984
19,1,890.965,-0.0783176466544488
19,1,891.366,0.09474986787048814
19,1,892.167,0.04435706572623975
19,1,892.567,-0.09802101052594356
19,1,893.368,-0.13310102702233775
19,1,893.768,-0.054375578848097614
19,1,894.568,-0.060917300771675835
19,1,894.968,-0.17840947114016015
19,1,895.368,-0.11948001391082283
19,1,898.164,0.010819438812111844
19,1,898.563,0.09354203791897432
19,1,898.962,0.035214935126661684
19,1,899.361,0.03986114033161535
19,1,900.158,-0.13561040702349203
19,1,900.955,-0.20058497238460615
19,1,901.752,-0.22704230290275007
19,1,903.345,0.05079658959017321
19,1,904.14,0.12787422127564146
19,1,904.538,0.05708341443646293
19,1,904.936,0.15400965894375357
19,1,905.333,-0.16622414285233506
19,1,906.128,-0.07691722833476805
19,1,906.525,0.06970418517673718
19,1,907.32,0.09348276493739016
19,1,907.717,0.14067352783714135
19,1,908.114,0.007190294279970258
19,1,908.511,-0.1765093777023062
19,1,909.701,-0.08001630231533197
19,1,910.494,-0.1335178871066244
19,1,911.286,-0.06307581047088247
19,1,911.682,0.15032624158297123
19,1,912.474,0.13708572364579508
19,1,912.87,0.010189995929032691
19,1,913.662,-0.06494465846757175
19,1,914.058,-0.07734465900627335
19,1,914.453,-0.05001829361561149
19,1,915.244,-0.15012960155133415
19,1,915.639,0.06513487265026069
19,1,918.009,0.0689219439474095
19,1,918.404,-0.12603933069474707
19,1,918.798,-0.1551576524830057
19,1,919.982,0.046830706502035524
19,1,920.376,-0.174880029112823
19,1,921.558,-0.16922982144560347
19,1,921.952,-0.11464031432260587
19,1,922.346,0.0666996651187784
19,1,922.74,-0.15645803738050035
19,1,923.92,-0.06148054760446956
19,1,924.314,0.06646023934090782
19,1,925.1,0.08765596078301162
19,1,925.493,0.13260577599980986
19,1,925.886,-0.051150690055621256
19,1,926.279,0.08532729915468772
19,1,926.672,0.17768656743033254
19,1,927.85,-0.17081771822360386
19,1,928.635,0.17831557488999683
19,1,929.812,0.07160300165500529
19,1,930.204,0.21120297790207332
19,1,930.988,0.1506213063728213
19,1,931.771,0.07193631840576879
19,1,932.946,-0.038871976052145145
19,1,933.337,0.15816863391100563
19,1,933.729,0.23968760865505404
19,1,934.511,0.10048284921393455
19,1,936.075,0.18792043868457517
19,1,936.465,0.10538830107816186
19,1,937.246,0.20644494911121075
19,1,937.637,-0.03782951926558671
19,1,939.588,0.2881641302359539
19,1,939.978,0.09099651851109293
19,1,940.368,0.1458094648450947
19,1,940.757,0.17424993533967767
19,1,941.147,0.47505239003134325
19,1,941.537,0.519325554864423
19,1,941.926,0.2626614951166333
19,1,942.315,0.4130706051335146
19,1,942.705,0.17974245566624072
19,1,943.094,0.13831429186828342
19,1,943.483,0.21697591088959436
19,1,943.872,0.15264767042647293
19,1,944.261,0.2280251126608473
19,1,944.65,0.24076704808923055
19,1,945.039,0.26272671518119234
19,1,945.428,0.41990200816531004
19,1,946.205,0.32948940774139335
19,1,946.593,0.3049323673778417
19,1,946.982,0.5411108899863295
19,1,947.37,0.3689495743935819
19,1,947.758,0.3673418098328374
19,1,948.146,0.31683209899347514
19,1,948.534,0.4887211628049311
19,1,949.31,0.10475502342968086
19,1,949.698,0.5113207464521117
19,2,450.903,0.09424365630870872
19,2,451.902,0.10628412661982775
19,2,452.401,0.09669372674245588
19,2,452.9,0.15512898668432756
19,2,456.888,-0.11269031385435765
19,2,457.386,0.13532156638261453
19,2,458.879,0.07753218736238594
19,2,459.377,0.08189601332642964
19,2,462.36,0.17080995387630435
19,2,462.857,0.16225351161367735
19,2,468.314,0.09799551864545453
19,2,472.769,-0.05306813053208837
19,2,473.758,-0.14003933832415214
19,2,477.215,-0.07582505245094849
19,2,479.681,0.04955638997448191
19,2,481.159,0.04052262858216709
19,2,485.588,-0.07969873313686812
19,2,487.063,-0.24741062986796483
19,2,489.027,-0.2330289881742569
19,2,490.008,-0.08426913074463026
19,2,490.499,-0.1879276040251356
19,2,491.97,-0.22952419421131678
19,2,492.95,-0.06447858965142995
19,2,494.419,-0.2540383378393119
19,2,496.377,0.2180813595736662
19,2,497.355,0.21837062688343542
19,2,497.844,-0.03857412323274577
19,2,498.333,0.25386822704308837
19,2,498.821,-0.3953349799333044
19,2,499.31,-0.5527247621863243
19,2,500.287,-0.34481469425251654
19,2,500.775,0.5476018408832463
19,2,501.751,-0.2095432682507158
19,2,502.727,-0.39918877218558796
19,2,503.702,0.6071062672120798
19,2,504.19,-0.8501528028552221
19,2,504.677,0.19923020852445544
19,2,505.164,0.7352790859694501
19,2,506.139,-0.3512071566355591
19,2,506.625,0.5638302678114294
19,2,507.112,-0.2719138998838695
19,2,507.599,0.006832160592241114
19,2,508.572,0.13017544003407863
19,2,509.058,0.197565932066404
19,2,509.545,-0.4093897640613733
19,2,511.003,-0.14705557182724466
19,2,513.431,0.11281382466951977
19,2,516.341,-0.10059495132474615
19,2,517.795,-0.09621293945396037
19,2,518.279,-0.03274344597278441
19,2,521.666,-0.02926664773841089
19,2,525.048,-0.058496844474334404
19,2,527.942,-0.09189232270065144
19,2,530.351,-0.044426594347467506
19,2,530.833,-0.060836296181696545
19,2,531.314,-0.0677825568456331
19,2,531.795,-0.08926705031896462
19,2,534.2,-0.0939775776596659
19,2,535.161,-0.08423331433721275
19,2,536.122,-0.0959681433069563
19,2,539.96,-0.054600072823259876
19,2,542.356,-0.08373390561404705
19,2,549.526,-0.08130085338612979
19,2,550.48,-0.055635797787539486
19,2,551.911,-0.048153380963700025
19,2,552.387,-0.0541539016148697
19,2,560.474,-0.05593411393623691
19,2,571.365,-0.026146150397296862
19,2,592.978,-0.04562647578069948
19,2,600.444,-0.07833201354568374
19,2,601.375,-0.060595667851368364
19,2,614.369,0.07544391821732202
19,2,616.219,0.08395879702598517
19,2,617.605,0.13170998011353566
19,2,618.067,0.1020251538081272
19,2,620.836,0.1484597849153502
19,2,621.297,0.17512913521709172
19,2,622.219,0.13638205463285905
19,2,623.14,0.1398065412525815
19,2,624.522,0.11535619810641337
19,2,624.982,0.18100487456830475
19,2,625.442,0.15738128212424418
19,2,625.902,0.18606316942493228
19,2,626.822,0.11713470249518264
19,2,627.282,0.15472650967527032
19,2,627.742,0.1768494635724351
19,2,628.661,0.15706070785165785
19,2,629.12,0.20312996401655686
19,2,629.579,0.11374587369659743
19,2,630.038,0.15635081347003862
19,2,630.497,0.18767532038467896
19,2,631.415,0.07810636692016451
19,2,632.332,0.11366309522654436
19,2,633.249,0.18830155172621355
19,2,633.708,0.19982093688174402
19,2,635.082,0.11889378007286606
19,2,635.54,0.17265257919495589
19,2,636.913,0.09654278580190807
19,2,638.285,0.058045350017012796
19,2,639.199,0.0849951724855903
19,2,643.309,-0.12480467076929588
19,2,643.765,-0.12539742778479046
19,2,645.132,-0.18450039560138684
19,2,646.043,-0.24372002511280755
19,2,646.499,-0.1893994406191715
19,2,647.409,-0.20249274393905375
19,2,648.319,-0.18630962397792547
19,2,649.684,-0.34177241665408736
19,2,650.593,-0.14575016322890885
19,2,651.502,-0.1682882126266731
19,2,654.225,-0.03980020597653932
19,2,656.492,-0.034260523304190424
19,2,657.399,0.1655191489955155
19,2,657.851,0.11746697615861551
19,2,658.757,0.17411666244047563
19,2,660.114,0.15656978843712982
19,2,660.567,0.16282271872218082
19,2,661.471,0.116465261824997
19,2,662.375,0.16711906297191761
19,2,663.278,0.08763306137690284
19,2,675.435,-0.041100967370314836
19,2,676.332,-0.0495438736279865
19,2,679.918,-0.05741234811372763
19,2,681.709,-0.034849680183318674
19,2,683.051,-0.04079956328829164
19,2,684.392,-0.03751216268896944
19,2,685.732,-0.05056811187891658
19,2,686.179,0.12679006467671533
19,2,687.518,0.17777055378476214
19,2,688.856,0.1822704415688238
19,2,689.301,0.2610014379650596
19,2,690.193,0.19396799053188019
19,2,690.638,0.138195806534222
19,2,691.529,0.1348741714907016
19,2,692.419,0.14967283500509815
19,2,692.864,0.18861030530971726
19,2,694.199,0.11061208080141864
19,2,701.743,0.014402885161454396
19,2,719.383,0.09035391966448317
19,2,727.706,-0.20399553154084815
19,2,728.58,-0.15773982689227853
19,2,729.017,-0.1951702010675699
19,2,730.764,0.09540803176903564
19,2,732.072,0.1396924514541935
19,2,732.509,0.2962739734170003
19,2,733.38,-0.3266340267730794
19,2,733.816,0.06332631195509371
19,2,735.559,0.3342955778375625
19,2,735.994,0.24696314606215403
19,2,736.429,0.11969525230703386
19,2,736.864,0.29367264275303684
19,2,737.734,0.7100953082382545
19,2,740.776,0.31469133735428184
19,2,741.21,0.33939289364306696
19,2,741.644,0.16774392428941826
19,2,742.078,0.43778378832780696
19,2,742.946,0.3003728113838681
19,2,743.379,0.1287234425617161
19,2,743.813,-0.3384872441345955
19,2,744.246,-0.3535520878636006
19,2,745.546,0.35515888884178054
19,2,745.979,0.28052145251819266
19,2,746.845,0.13260135607121717
19,2,747.278,0.4348857994299103
19,2,747.711,-0.19098426058959694
19,2,748.576,0.09500328412438377
19,2,749.008,0.5758265686312478
19,2,749.873,-0.14214459188439205
19,2,750.305,0.4938896094449722
19,2,751.169,-0.44466664737346845
19,2,751.601,0.3106354484230763
19,2,752.464,-0.34336066937029736
19,2,752.896,-0.43043139907834155
19,2,753.758,-0.21405175379104655
19,2,754.19,0.19933622475804272
19,2,754.621,-0.16662097888340735
19,2,755.914,0.3929331298585111
19,2,756.344,0.21180639605346446
19,2,756.775,0.4936890394848055
19,2,757.206,0.08092926671362032
19,2,757.636,0.3368895010063224
19,2,758.066,0.17415626479470853
19,2,758.497,0.2471996480535507
19,2,758.927,0.5291004716566905
19,2,759.787,0.24926281938952619
19,2,760.647,0.23349511322793703
19,2,761.076,-0.3295954699911565
19,2,762.365,0.4222337313371322
19,2,763.223,0.6698053422613687
19,2,763.653,0.20260034407009372
19,2,764.082,-0.26975634521938235
19,2,765.368,0.16177827821904098
19,2,766.225,0.42948065751538905
19,2,767.51,0.031805973171884
19,2,767.938,-0.1988575896777113
19,2,768.367,-0.2902640240759352
19,2,768.795,-0.32752015159214415
19,2,769.222,0.27367347182948587
19,2,769.65,0.3812162626863672
19,2,771.36,0.4326612058721199
19,2,772.215,-0.08331321062466016
19,2,772.642,0.262331343386361
19,2,773.496,-0.3137196098354319
19,2,775.203,-0.25742436282374287
19,2,775.629,0.19626196727544876
19,2,776.055,-0.22621171807689225
19,2,776.482,-0.15157361798360922
19,2,776.908,-0.29074480814312276
19,2,778.186,0.17664723270757443
19,2,778.611,0.1609649772430102
19,2,779.463,-0.1122627979314918
19,2,782.439,0.1531665755535858
19,2,782.864,0.24759947652866449
19,2,784.138,-0.16868349689050305
19,2,784.562,-0.06210235019532615
19,2,785.835,-0.3438981416219066
19,2,786.259,-0.37632986537676943
19,2,788.802,0.16888304739112028
19,2,789.225,-0.0892780759035714
19,2,789.648,0.11957872849861569
19,2,790.071,-0.35374697281781464
19,2,790.495,0.10037113901940961
19,2,791.763,0.11045456746917133
19,2,792.609,-0.09468319561181489
19,2,793.454,-0.0708193746616649
19,2,793.876,0.08683656911317121
19,2,795.143,0.2658795000183989
19,2,795.986,-0.004104937615210621
19,2,796.408,-0.17811003826642702
19,2,797.673,0.38969975688346925
19,2,798.516,0.29356792945879995
19,2,798.937,0.20935144118817167
19,2,799.358,-0.2773903849849016
19,2,799.779,-0.15782906867513807
19,2,801.042,-0.0813622605610676
19,2,802.303,-0.08969178925399794
19,2,803.984,0.24612419849296194
19,2,804.404,0.19146353478181272
19,2,804.824,0.22011583191567202
19,2,805.244,-0.11981511384648234
19,2,805.664,0.16793385513541081
19,2,806.084,0.23692223891156777
19,2,806.503,0.1853859870213954
19,2,807.761,-0.09739161276357156
19,2,808.599,-0.25656833611068625
19,2,809.856,-0.1312130747613326
19,2,810.693,-0.08803604726617961
19,2,812.367,0.2747416209282812
19,2,813.621,-0.029889245038771946
19,2,817.378,0.4431742485174781
19,2,817.795,0.16479974216212523
19,2,818.212,-0.08069739166570762
19,2,818.629,0.216268799638339
19,2,819.462,-0.2180415938385397
19,2,821.128,-0.24311937475333892
19,2,822.376,-0.08692779642515848
19,2,823.624,0.1364665508616969
19,2,824.039,-0.18448869763633596
19,2,824.455,0.17819955266443185
19,2,824.87,-0.12131248594400991
19,2,825.701,0.20734511650799448
19,2,826.116,-0.28001119227345533
19,2,827.361,-0.19845892076136246
19,2,829.848,-0.086622945210867
19,2,831.091,0.03053827065523833
19,2,831.505,-0.030536655868523863
19,2,831.919,-0.07554749808630605
19,2,832.332,0.07429279898630288
19,2,833.987,0.21250102140591137
19,2,834.813,-0.10967771927678367
19,2,835.226,-0.10537727234221192
19,2,836.052,-0.18486156109811944
19,2,837.29,-0.009301179387987385
19,2,838.116,-0.1841668577926279
19,2,841.0,-0.267947649271323
19,2,841.412,-0.20152419677902583
19,2,841.824,-0.07540880777238747
19,2,843.47,-0.09283499526169953
19,2,844.703,0.17762379074979787
19,2,847.167,-0.1706122815635236
19,2,847.988,-0.21281823642369074
19,2,849.628,-0.21386813787112008
19,2,850.448,-0.13903995325979926
19,2,852.495,-0.15044055129056155
19,2,853.313,-0.18046693257516314
19,2,853.722,-0.12062824473962361
19,2,854.54,-0.1877513264530186
19,2,854.949,-0.3885116365612122
19,2,855.357,-0.15818477873320894
19,2,856.174,-0.2572508747545403
19,2,856.583,-0.13591521905742057
19,2,856.991,-0.13932893699710325
19,2,857.807,-0.11204021726311415
19,2,858.623,0.23290489708139658
19,2,859.031,-0.12286142731766342
19,2,859.439,0.09257218570362245
19,2,859.846,-0.12208947785953839
19,2,862.29,-0.25546541005524104
19,2,863.104,-0.17009641010617502
19,2,864.325,-0.16804912081931664
19,2,865.138,-0.39356724008569066
19,2,865.95,-0.0882194999595961
19,2,867.169,-0.15796858174075232
19,2,868.386,-0.12639914571006977
19,2,868.792,-0.2353004852877233
19,2,871.629,-0.19695239305078602
19,2,872.034,-0.08144367286149641
19,2,872.439,-0.13180560922562826
19,2,874.057,-0.03693392010279886
19,2,875.27,-0.09445360075539481
19,2,875.674,0.1114130459861495
19,2,876.886,-0.16279928094945606
19,2,877.694,-0.051580557026109294
19,2,878.501,-0.19444581996829974
19,2,878.904,-0.13597400920969074
19,2,879.308,-0.029751677290942424
19,2,879.711,-0.21537819549692214
19,2,881.323,-0.04900819556783385
19,2,883.336,0.13568920573524265
19,2,884.141,-0.07258028905665151
19,2,886.954,-0.10856535208712324
19,2,888.56,-0.06020817633490397
19,2,890.965,-0.08730384928384739
19,2,891.366,0.11243028112203488
19,2,892.567,-0.11359223678255129
19,2,893.368,-0.1498912090184621
19,2,893.768,-0.058132534479791276
19,2,894.968,-0.20465967986907999
19,2,895.368,-0.1337039724741779
19,2,898.563,0.11114091768561145
19,2,898.962,0.04209452633460586
19,2,900.158,-0.15408000510099348
19,2,900.955,-0.2298272056335574
19,2,901.752,-0.2604478264396906
19,2,904.14,0.15353166442539395
19,2,904.538,0.06868302273944601
19,2,904.936,0.17988365310605667
19,2,905.333,-0.19023572555044135
19,2,906.128,-0.08584485201744808
19,2,907.717,0.16611913775322606
19,2,911.286,-0.06985079894532495
19,2,911.682,0.17524122654249108
19,2,912.474,0.1585253939194034
19,2,914.058,-0.08436893942002471
19,2,914.453,-0.05425610325193999
19,2,915.244,-0.17300347365628366
19,2,918.009,0.08216925598259234
19,2,918.404,-0.14240821284124558
19,2,918.798,-0.17520376387553097
19,2,920.376,-0.20261043138790719
19,2,921.558,-0.19550488483949746
19,2,923.92,-0.06807883458553131
19,2,924.314,0.08032172149520071
19,2,925.1,0.104513810067331
19,2,925.886,-0.05626670204434722
19,2,927.85,-0.19493653675653205
19,2,930.204,0.24103043279051942
19,2,931.771,0.08301297116436467
19,2,932.946,-0.04356735710475416
19,2,933.337,0.184254421345732
19,2,933.729,0.2792356372855959
19,2,934.511,0.11690183620952323
19,2,936.075,0.21505478402552042
19,2,936.465,0.11870524434016606
19,2,937.246,0.2324156591108661
19,2,939.588,0.32712767036743257
19,2,939.978,0.10056222292209258
19,2,940.757,0.19916995903203957
19,2,941.147,0.5452062113411145
19,2,941.537,0.6013676390352887
19,2,941.926,0.2951003474292941
19,2,942.315,0.47130329159764006
19,2,942.705,0.20377204045945782
19,2,943.094,0.15500359919359485
19,2,943.483,0.24837866092737423
19,2,943.872,0.17463490421728223
19,2,944.261,0.259664496744449
19,2,944.65,0.27802348888173295
19,2,945.039,0.2964614630246188
19,2,945.428,0.47655138823995596
19,2,946.205,0.3769564452391526
19,2,946.593,0.3463064190657831
19,2,946.982,0.6225450598726169
19,2,947.37,0.4207449939159965
19,2,947.758,0.4170551858437964
19,2,948.146,0.3633668900321215
19,2,948.534,0.5632193516932005
19,2,949.31,0.11672890752484666
19,2,949.698,0.5860436101417734
19,3,450.903,0.10579129591348393
19,3,451.902,0.11946986549958497
19,3,452.401,0.10880543719588115
19,3,456.888,-0.12198509021108156
19,3,457.386,0.15178499974693477
19,3,459.377,0.09261846071263682
19,3,462.36,0.1910076092959694
19,3,473.758,-0.1525289766236637
19,3,477.215,-0.08132256669320069
19,3,481.159,0.04697797433960945
19,3,485.588,-0.08458081503917304
19,3,487.063,-0.2703232019167169
19,3,489.027,-0.2527284776247315
19,3,490.008,-0.08907599505495223
19,3,490.499,-0.2031620045020716
19,3,491.97,-0.24879223510375992
19,3,492.95,-0.06661568696642622
19,3,496.377,0.24698523583828166
19,3,497.355,0.24673344926163576
19,3,498.333,0.2877148842246161
19,3,498.821,-0.4250209317457063
19,3,499.31,-0.5970619970642846
19,3,500.287,-0.3659645989795492
19,3,500.775,0.6186772426452412
19,3,501.751,-0.21334923192411143
19,3,502.727,-0.42107554146897713
19,3,503.702,0.6903702049658195
19,3,504.19,-0.9128811417921622
19,3,504.677,0.23682919709723532
19,3,505.164,0.8321233866291545
19,3,506.139,-0.3720193403285862
19,3,506.625,0.6334349192513863
19,3,507.112,-0.28546553373700756
19,3,508.572,0.1536703947489195
19,3,509.058,0.22711915251008644
19,3,509.545,-0.4445736416831956
19,3,511.003,-0.1559354904051989
19,3,513.431,0.12835681872270627
19,3,516.341,-0.10783555271937946
19,3,517.795,-0.1036196159713514
19,3,521.666,-0.02995856461856493
19,3,525.048,-0.062396038052357224
19,3,527.942,-0.09908594787071474
19,3,530.351,-0.04709320928239688
19,3,530.833,-0.06529947604445123
19,3,534.2,-0.10170243274523834
19,3,535.161,-0.09107491879382726
19,3,536.122,-0.10411874341656834
19,3,539.96,-0.058448030986215024
19,3,542.356,-0.09065399336254053
19,3,550.48,-0.05962325358749493
19,3,552.387,-0.058007912234851924
19,3,571.365,-0.027914985047736263
19,3,600.444,-0.08659209061101333
19,3,601.375,-0.06735819208460421
19,3,614.369,0.0813589097229734
19,3,616.219,0.09014411870825376
19,3,617.605,0.14266154254495483
19,3,618.067,0.11012389803800031
19,3,620.836,0.16062924503395754
19,3,621.297,0.1903111968270999
19,3,622.219,0.14747475801753868
19,3,624.522,0.12358060091058863
19,3,624.982,0.19642997841099952
19,3,625.442,0.1699310560296746
19,3,625.902,0.2015843614381839
19,3,626.822,0.1254527998151801
19,3,627.282,0.16705010649043686
19,3,627.742,0.19143171621051136
19,3,628.661,0.1694346811503311
19,3,629.12,0.22021866365853673
19,3,629.579,0.12182432626741645
19,3,630.038,0.1685932865184137
19,3,630.497,0.2034393706426248
19,3,632.332,0.12164231176079021
19,3,633.249,0.20358033059068564
19,3,633.708,0.21609155992216464
19,3,635.082,0.12693211864214576
19,3,635.54,0.18635051002203326
19,3,639.199,0.08807955400910039
19,3,643.765,-0.1455742438520494
19,3,645.132,-0.21130567895535296
19,3,646.043,-0.2752076191633515
19,3,646.499,-0.2184637058665364
19,3,647.409,-0.23267610078667414
19,3,648.319,-0.21455124191386554
19,3,649.684,-0.3867277639503598
19,3,650.593,-0.1695551436848608
19,3,656.492,-0.04689133704719073
19,3,657.399,0.17443505578278465
19,3,657.851,0.1209601183576843
19,3,658.757,0.18423650505855058
19,3,660.114,0.16660896729114616
19,3,660.567,0.17279070696006985
19,3,661.471,0.12270411285446975
19,3,663.278,0.09170037402747888
19,3,675.435,-0.04692081237899925
19,3,676.332,-0.05651950295911224
19,3,679.918,-0.06458323901828321
19,3,683.051,-0.046787127682604894
19,3,685.732,-0.05871195522354087
19,3,686.179,0.13594854646576426
19,3,687.518,0.19121749329114643
19,3,688.856,0.1935322562211796
19,3,689.301,0.2815004060860979
19,3,690.193,0.20784118583706437
19,3,690.638,0.1477745408741888
19,3,691.529,0.14484976900662763
19,3,692.419,0.16243566042119365
19,3,694.199,0.12040098749535647
19,3,727.706,-0.22000307650863252
19,3,728.58,-0.16929708665183282
19,3,729.017,-0.20959172384802482
19,3,732.072,0.15937583623828697
19,3,732.509,0.3321953865131054
19,3,733.38,-0.3555664377855858
19,3,735.559,0.37500449838070826
19,3,735.994,0.2773663945381722
19,3,736.429,0.1363332169559775
19,3,736.864,0.3286209793234362
19,3,737.734,0.7864333172367126
19,3,740.776,0.3508484250854509
19,3,741.21,0.37928895619023184
19,3,741.644,0.18784563833067808
19,3,742.078,0.4861421472326666
19,3,742.946,0.33174658927433653
19,3,743.379,0.14556058797605873
19,3,744.246,-0.38598355126488004
19,3,745.546,0.39233950383102867
19,3,745.979,0.309254987814183
19,3,746.845,0.14626999701659069
19,3,747.278,0.4799079569515266
19,3,747.711,-0.21021624195500604
19,3,748.576,0.10530387856115939
19,3,749.008,0.6312193665948586
19,3,749.873,-0.1574832687948604
19,3,750.305,0.5443312246773991
19,3,751.169,-0.48819396977136537
19,3,751.601,0.3423810359596271
19,3,752.464,-0.3801725547243874
19,3,752.896,-0.4752365178624581
19,3,753.758,-0.23496144010392409
19,3,754.19,0.22076970772863702
19,3,754.621,-0.18403557314199664
19,3,755.914,0.4311557026300965
19,3,756.344,0.23111402440764953
19,3,756.775,0.5417497885754373
19,3,757.206,0.08749805485141626
19,3,757.636,0.36973569990341676
19,3,758.066,0.18971962883195514
19,3,758.497,0.2684806806138495
19,3,758.927,0.5818838819329197
19,3,759.787,0.27458211128755206
19,3,760.647,0.25493659343763814
19,3,761.076,-0.3670091074613338
19,3,762.365,0.46327499772492853
19,3,763.223,0.7343813946627088
19,3,763.653,0.2223538295310472
19,3,764.082,-0.30159189397772673
19,3,765.368,0.17394587226138056
19,3,766.225,0.4703856913862295
19,3,767.938,-0.22283167752007643
19,3,768.367,-0.32169603108430256
19,3,768.795,-0.3621590689183794
19,3,769.222,0.2978067067752269
19,3,769.65,0.4182220372666029
19,3,771.36,0.472313343116275
19,3,772.215,-0.09469014448982524
19,3,772.642,0.28596134714764215
19,3,773.496,-0.34860869185468824
19,3,775.203,-0.2867802522579803
19,3,775.629,0.21458219607566917
19,3,776.055,-0.25184230454351597
19,3,776.908,-0.32248337028197643
19,3,778.186,0.19122419724926867
19,3,778.611,0.17610263166616008
19,3,779.463,-0.1249821350011353
19,3,782.439,0.1653153786778019
19,3,782.864,0.27017780200318675
19,3,784.138,-0.18925889549481067
19,3,784.562,-0.07088961331839634
19,3,785.835,-0.383026907065221
19,3,786.259,-0.41796878330401005
19,3,788.802,0.18212849277440765
19,3,789.648,0.1291522113554253
19,3,790.071,-0.3926010304397712
19,3,790.495,0.1080661066066856
19,3,791.763,0.11742221245395905
19,3,792.609,-0.10838627458895732
19,3,793.454,-0.0819976142761834
19,3,793.876,0.09132243199140994
19,3,795.143,0.2883373780479563
19,3,795.986,-0.008888830229702565
19,3,796.408,-0.20149456691905057
19,3,797.673,0.4253178716981651
19,3,798.516,0.319269051244501
19,3,798.937,0.226363034810409
19,3,799.358,-0.30993202998328234
19,3,799.779,-0.17730971941828236
19,3,801.042,-0.09358006085243206
19,3,802.303,-0.10233791921765659
19,3,803.984,0.2681901748321352
19,3,804.404,0.2087196032822841
19,3,804.824,0.2379802603513614
19,3,805.244,-0.1370123760209351
19,3,805.664,0.18128379641871298
19,3,806.084,0.25797287018172355
19,3,806.503,0.19993968289406466
19,3,808.599,-0.2869303249895098
19,3,809.856,-0.1489622759728849
19,3,810.693,-0.10199865429231948
19,3,812.367,0.29995987017100545
19,3,817.378,0.48546554471615005
19,3,817.795,0.1764428362401754
19,3,818.212,-0.09245151268321086
19,3,818.629,0.23412536565375952
19,3,819.462,-0.24512577555684978
19,3,821.128,-0.2726439417777607
19,3,822.376,-0.09870489970798564
19,3,824.039,-0.20788650192368882
19,3,824.455,0.19151807203475127
19,3,824.87,-0.13825734396336242
19,3,825.701,0.2243830379800721
19,3,826.116,-0.3133764689005853
19,3,829.848,-0.09986167849959224
19,3,831.091,0.028843760181088675
19,3,831.505,-0.03818112699231559
19,3,831.919,-0.0892048026539349
19,3,833.987,0.22846806562314548
19,3,834.813,-0.12535669515808998
19,3,835.226,-0.12164345690648525
19,3,836.052,-0.20780735362482164
19,3,837.29,-0.015646997281636345
19,3,838.116,-0.20743789160601545
19,3,841.0,-0.3004510184263393
19,3,841.412,-0.2265500252913531
19,3,841.824,-0.08834300786262139
19,3,843.47,-0.10709897499023827
19,3,844.703,0.19047787085924853
19,3,847.167,-0.1926101891183701
19,3,847.988,-0.24105735030194597
19,3,849.628,-0.2397495091869999
19,3,850.448,-0.15781656880584294
19,3,852.495,-0.17086286835383172
19,3,853.313,-0.20426428689711618
19,3,853.722,-0.13748299553123017
19,3,854.54,-0.2115146403597964
19,3,854.949,-0.4327219856936068
19,3,855.357,-0.1796452419954609
19,3,856.174,-0.28830949537851414
19,3,856.583,-0.15414919072279254
19,3,856.991,-0.15817588504469607
19,3,858.623,0.25211852052833694
19,3,859.031,-0.14057461675942484
19,3,859.846,-0.13840917643014555
19,3,862.29,-0.28666667315651734
19,3,864.325,-0.19042087683041475
19,3,865.138,-0.4385529155442118
19,3,871.629,-0.22165549390258
19,3,872.034,-0.09498364631814869
19,3,872.439,-0.14970682657570497
19,3,874.057,-0.04615039321813256
19,3,875.27,-0.10929050320813272
19,3,876.886,-0.18420885516798527
19,3,878.501,-0.21972430421258057
19,3,879.711,-0.24354235215671055
19,3,881.323,-0.05935865509429114
19,3,884.141,-0.08499179604152754
19,3,886.954,-0.12571469456888223
19,3,888.56,-0.07098885733184702
19,3,891.366,0.11806850750536407
19,3,893.368,-0.1702897644338628
19,3,893.768,-0.06928178676538917
19,3,894.968,-0.2311183498214606
19,3,895.368,-0.153050924184152
19,3,900.158,-0.17480968314429055
19,3,900.955,-0.2588024152573366
19,3,901.752,-0.29304737293961625
19,3,904.14,0.16335974314084248
19,3,904.538,0.07044973371719819
19,3,904.936,0.19310224279116273
19,3,905.333,-0.2157999570619195
19,3,907.717,0.17672096626354708
19,3,911.286,-0.08321412911795491
19,3,911.682,0.1870326550682775
19,3,912.474,0.16947516334712623
19,3,914.058,-0.0983522735879194
19,3,914.453,-0.06537194275569053
19,3,918.009,0.08486845337106222
19,3,918.404,-0.16288434300342303
19,3,920.376,-0.22976821788840052
19,3,921.558,-0.22031545180907428
19,3,923.92,-0.08113058278334663
19,3,925.1,0.10930498190737818
19,3,927.85,-0.22108398405600005
19,3,930.204,0.2591575602588003
19,3,931.771,0.08603742938501414
19,3,933.337,0.19725625681181921
19,3,933.729,0.3019752325513501
19,3,934.511,0.12139622797252737
19,3,936.075,0.2312426353390831
19,3,936.465,0.12534193352778542
19,3,937.246,0.2496687571091098
19,3,939.588,0.35506573988018
19,3,939.978,0.10682619420937048
19,3,940.757,0.213494192580829
19,3,941.147,0.5947200663501944
19,3,941.537,0.6585094639917578
19,3,941.926,0.31819841195403065
19,3,942.315,0.5137985807469931
19,3,942.705,0.2181419881867828
19,3,943.094,0.1631798390369726
19,3,943.483,0.2683112369750777
19,3,943.872,0.18562303266448218
19,3,944.261,0.2795295308113945
19,3,944.65,0.29960738603858156
19,3,945.039,0.3195698043116094
19,3,945.428,0.5189409220046917
19,3,946.205,0.4095422258404573
19,3,946.593,0.37581204587650524
19,3,946.982,0.6793114071205757
19,3,947.37,0.458667108182055
19,3,947.758,0.4522854302270101
19,3,948.146,0.3939548977505848
19,3,948.534,0.615839197162762
19,3,949.31,0.12259444032074711
19,3,949.698,0.640355204543568
19,4,450.903,0.11407918303818419
19,4,451.902,0.12783277305121138
19,4,456.888,-0.12846962275811036
19,4,457.386,0.16321578911235624
19,4,459.377,0.10027068024914049
19,4,462.36,0.20574238695106906
19,4,473.758,-0.16030412673933747
19,4,477.215,-0.08423921791410004
19,4,481.159,0.05309272469343743
19,4,485.588,-0.08642570479152556
19,4,487.063,-0.28443589851293566
19,4,489.027,-0.26424039113710956
19,4,490.499,-0.21097107228191522
19,4,491.97,-0.26000271064907454
19,4,492.95,-0.06437969872840643
19,4,496.377,0.2737380134909097
19,4,497.355,0.27425033257383385
19,4,498.333,0.31964255303015376
19,4,498.821,-0.4392995661738612
19,4,499.31,-0.618309445011887
19,4,500.287,-0.3688520009028669
19,4,500.775,0.6827878400494504
19,4,501.751,-0.19740797719148834
19,4,502.727,-0.4167838508620121
19,4,503.702,0.7655162186811811
19,4,504.19,-0.9406410358859428
19,4,504.677,0.2869014437199278
19,4,505.164,0.921829412321301
19,4,506.139,-0.3670496974528909
19,4,506.625,0.6963093344654275
19,4,507.112,-0.2805330609064811
19,4,508.572,0.18210329429403674
19,4,509.058,0.25604492008257607
19,4,509.545,-0.46242496555138674
19,4,511.003,-0.15795798465467478
19,4,513.431,0.14161090844273755
19,4,516.341,-0.11141027318274711
19,4,521.666,-0.030179681731308642
19,4,525.048,-0.06502770516220682
19,4,527.942,-0.10413036541733729
19,4,530.351,-0.04917814846907515
19,4,534.2,-0.10728219931475365
19,4,535.161,-0.0958654059357278
19,4,542.356,-0.09531780141895285
19,4,550.48,-0.06237725130912212
19,4,614.369,0.0876064856226293
19,4,618.067,0.11788196389834739
19,4,620.836,0.17187427497227442
19,4,621.297,0.20360107899471164
19,4,622.219,0.1578624504977327
19,4,624.522,0.132221651269198
19,4,624.982,0.2101438921172525
19,4,625.442,0.18113985148691464
19,4,625.902,0.2153284710576665
19,4,626.822,0.1342958770308076
19,4,627.282,0.17871247745203375
19,4,627.742,0.20457572446868574
19,4,628.661,0.1809615897503805
19,4,629.12,0.23492206235207921
19,4,629.579,0.13026238923263822
19,4,630.038,0.1803211624670412
19,4,630.497,0.21735706837487168
19,4,633.249,0.21704016206193105
19,4,633.708,0.23065515649517615
19,4,635.54,0.19903856045129892
19,4,639.199,0.09397123206516328
19,4,643.765,-0.1545947555430547
19,4,645.132,-0.22476081902114156
19,4,646.499,-0.23299233456492666
19,4,647.409,-0.2465224883794022
19,4,648.319,-0.22846931797983536
19,4,649.684,-0.4117226357207732
19,4,650.593,-0.18021222842063697
19,4,657.399,0.18449106708423976
19,4,657.851,0.12677393333882014
19,4,658.757,0.19534333187367545
19,4,660.114,0.17598465006838734
19,4,660.567,0.18220423280780929
19,4,661.471,0.12951341459458054
19,4,663.278,0.09587615283604414
19,4,683.051,-0.06026122758503008
19,4,685.732,-0.07827291863631142
19,4,686.179,0.12867536131540405
19,4,687.518,0.18557301611325458
19,4,688.856,0.1865053903478455
19,4,689.301,0.28306919992527557
19,4,690.193,0.20732503288932091
19,4,690.638,0.14572951388249072
19,4,691.529,0.14567313085145225
19,4,692.419,0.16650809528760852
19,4,694.199,0.12406890134555568
19,4,727.706,-0.2312764284689625
19,4,728.58,-0.1767366177923016
19,4,729.017,-0.22023586934426828
19,4,732.509,0.35775286494546443
19,4,733.38,-0.3766816161840757
19,4,735.559,0.403078731186524
19,4,735.994,0.2970819808634439
19,4,736.429,0.1473023458683818
19,4,736.864,0.35255119728318146
19,4,737.734,0.8409659967995535
19,4,740.776,0.3765409628623155
19,4,741.21,0.40629029792117477
19,4,741.644,0.2029441459706349
19,4,742.078,0.5179420999577131
19,4,742.946,0.35410555255232823
19,4,743.379,0.15623822837414506
19,4,744.246,-0.41222872683693496
19,4,745.546,0.41535779863496924
19,4,745.979,0.3280099167709124
19,4,747.278,0.5085966809914794
19,4,748.576,0.11145380278136942
19,4,749.008,0.668306716670776
19,4,749.873,-0.17142319456130362
19,4,750.305,0.5768883359413839
19,4,751.169,-0.5224200569000638
19,4,751.601,0.3597367297798582
19,4,752.896,-0.5111904814680063
19,4,753.758,-0.2531199244378332
19,4,754.19,0.23231451375077086
19,4,754.621,-0.20060128303275884
19,4,755.914,0.4543933465535836
19,4,756.344,0.24038580847313934
19,4,756.775,0.5719458804156393
19,4,757.206,0.08807217506094943
19,4,757.636,0.388147143233154
19,4,758.066,0.1938345387702375
19,4,758.497,0.27838121900568014
19,4,758.927,0.6165805152510998
19,4,759.787,0.28716824551832476
19,4,760.647,0.26461758683416325
19,4,761.076,-0.3997621632593729
19,4,762.365,0.48759221791239904
19,4,763.223,0.7735255672758534
19,4,763.653,0.23269437678531096
19,4,764.082,-0.3290653614530967
19,4,765.368,0.1781052401561589
19,4,766.225,0.4944473496301878
19,4,767.938,-0.24561854656231696
19,4,768.367,-0.3500081614233038
19,4,768.795,-0.39217459057847026
19,4,769.222,0.3101836628222615
19,4,769.65,0.4389024178846419
19,4,771.36,0.4956374837844377
19,4,772.642,0.2968428472373423
19,4,773.496,-0.3788146622401938
19,4,775.203,-0.31312854973777543
19,4,776.055,-0.2761681651381289
19,4,776.908,-0.35092030779450606
19,4,778.186,0.19547682440135458
19,4,778.611,0.181567803958134
19,4,782.864,0.2799204718155835
19,4,784.138,-0.2079804652254433
19,4,784.562,-0.08334961829467073
19,4,785.835,-0.41554943832482777
19,4,786.259,-0.4525418839310662
19,4,788.802,0.1877991677194048
19,4,789.648,0.13135009628978034
19,4,790.071,-0.42630954968051854
19,4,791.763,0.11749901710173735
19,4,792.609,-0.12263981418329525
19,4,793.454,-0.09451725874504861
19,4,793.876,0.09092248937380383
19,4,795.143,0.30096683227294135
19,4,796.408,-0.2231676316956962
19,4,797.673,0.44550508364577324
19,4,798.516,0.33234734497218155
19,4,798.937,0.2338121411525392
19,4,799.358,-0.33727396507214125
19,4,799.779,-0.19626222815420383
19,4,801.042,-0.10587315339321636
19,4,802.303,-0.11696068870670456
19,4,803.984,0.2779225070595058
19,4,804.404,0.21618180147261198
19,4,804.824,0.24654577721791332
19,4,805.244,-0.15282560173245244
19,4,805.664,0.1867980384166498
19,4,806.084,0.2681119711434905
19,4,806.503,0.2051275332191015
19,4,808.599,-0.31297396900602864
19,4,809.856,-0.16582038385257433
19,4,812.367,0.31384260720744517
19,4,817.378,0.5108684544307431
19,4,817.795,0.18097900117784294
19,4,818.629,0.2430365655532953
19,4,819.462,-0.2688436988391514
19,4,821.128,-0.29660002667459623
19,4,824.87,-0.15465422936776313
19,4,825.701,0.23216196826291322
19,4,826.116,-0.34008798895435977
19,4,829.848,-0.11284164420593018
19,4,831.091,0.02326536126943629
19,4,831.505,-0.04878179249265635
19,4,831.919,-0.1016483687711853
19,4,833.987,0.23654989205927549
19,4,834.813,-0.14051491381464104
19,4,835.226,-0.13703980770179455
19,4,836.052,-0.227912748077033
19,4,837.29,-0.024199141309426422
19,4,838.116,-0.2266416787921913
19,4,841.0,-0.3267977564622631
19,4,843.47,-0.12095971835562348
19,4,844.703,0.19633783622206216
19,4,847.167,-0.21099551917411072
19,4,847.988,-0.26286345038949777
19,4,849.628,-0.26136461743656836
19,4,852.495,-0.1875592594740921
19,4,853.313,-0.2242685598327464
19,4,853.722,-0.15226061413212136
19,4,854.54,-0.23116668738092996
19,4,854.949,-0.46757411467158444
19,4,855.357,-0.1975063443375884
19,4,856.174,-0.31311451033891796
19,4,856.583,-0.16992188888629564
19,4,858.623,0.2632507251307567
19,4,859.031,-0.15562108724090373
19,4,859.846,-0.15272278819989146
19,4,862.29,-0.31205789624436586
19,4,864.325,-0.20864334122915457
19,4,865.138,-0.4727034340183094
19,4,871.629,-0.24121775226821732
19,4,872.034,-0.10688858449081683
19,4,872.439,-0.16512949784766012
19,4,874.057,-0.05450657318091883
19,4,875.27,-0.12169297816666115
19,4,876.886,-0.20111730634804298
19,4,878.501,-0.24003656220448383
19,4,879.711,-0.265685794244059
19,4,881.323,-0.06867586464792723
19,4,884.141,-0.09680491498602387
19,4,891.366,0.12041226841895425
19,4,894.968,-0.2514306370260771
19,4,895.368,-0.16790081850103894
19,4,900.158,-0.19067896326175224
19,4,900.955,-0.2812775758267855
19,4,901.752,-0.317608104500254
19,4,904.14,0.16890510736746508
19,4,904.936,0.20180043950259732
19,4,905.333,-0.23524229405515618
19,4,907.717,0.18279854833427606
19,4,911.682,0.1943744354205308
19,4,912.474,0.1764988223614421
19,4,914.453,-0.07512187030982624
19,4,918.009,0.08537794670911733
19,4,918.404,-0.17875313677280708
19,4,920.376,-0.24988373880466672
19,4,921.558,-0.23910448499916692
19,4,923.92,-0.09117667958348656
19,4,927.85,-0.24009168277751525
19,4,930.204,0.271047906757338
19,4,931.771,0.08808775564307503
19,4,933.337,0.20559756398078244
19,4,933.729,0.31634818823386973
19,4,934.511,0.12268334097615426
19,4,936.075,0.24181986847153292
19,4,936.465,0.1304214998797099
19,4,937.246,0.2621986088750411
19,4,939.588,0.3742130734220394
19,4,939.978,0.10994336424400407
19,4,940.757,0.2232945638757909
19,4,941.147,0.6292486478478299
19,4,941.537,0.6980147539755351
19,4,941.926,0.3350432179503777
19,4,942.315,0.5439103301181979
19,4,942.705,0.2270911979785943
19,4,943.094,0.16939898451353716
19,4,943.483,0.2820928339005598
19,4,944.261,0.29282000254796847
19,4,944.65,0.3139921738683749
19,4,945.039,0.33650206869758237
19,4,945.428,0.5496275603992088
19,4,946.205,0.4322843584264869
19,4,946.593,0.3942974456653687
19,4,946.982,0.7192530955520062
19,4,947.37,0.48394595916336997
19,4,947.758,0.4769322051043837
19,4,948.146,0.4152061951131812
19,4,948.534,0.6519040227001628
19,4,949.31,0.12603788549174044
19,4,949.698,0.6770708915924247
19,5,450.903,0.10309358115325293
19,5,451.902,0.12038163414757971
19,5,457.386,0.1608425049825392
19,5,459.377,0.08606673640458642
19,5,462.36,0.20315110768585654
19,5,473.758,-0.19336617062247619
19,5,490.499,-0.2512128059448473
19,5,491.97,-0.29900496566782286
19,5,496.377,0.2789886460397034
19,5,497.355,0.28208193427487377
19,5,498.333,0.3250977369642234
19,5,498.821,-0.49345890029835027
19,5,499.31,-0.6887387283084184
19,5,500.287,-0.4188231873015435
19,5,500.775,0.7096094394937281
19,5,501.751,-0.25365332887530995
19,5,502.727,-0.4683221599905642
19,5,503.702,0.8193365953923792
19,5,504.19,-0.9863979149088489
19,5,504.677,0.27422547588491103
19,5,505.164,0.9613619053426565
19,5,506.139,-0.4052559921779127
19,5,506.625,0.7737904633695261
19,5,508.572,0.1808438836561503
19,5,509.058,0.27530279765714655
19,5,509.545,-0.4907522794383052
19,5,511.003,-0.16048444167316137
19,5,513.431,0.15935946190496553
19,5,516.341,-0.12064112125944633
19,5,521.666,-0.030730670956925367
19,5,527.942,-0.11272797353629371
19,5,530.351,-0.050359936904102925
19,5,535.161,-0.10518800506329376
19,5,542.356,-0.10418718029568796
19,5,550.48,-0.0676346659545197
19,5,620.836,0.20949334866151573
19,5,621.297,0.24248783610522798
19,5,622.219,0.19556006123611056
19,5,624.522,0.16664578977849598
19,5,624.982,0.2518248324009004
19,5,625.442,0.2182826126099946
19,5,625.902,0.25788599966668285
19,5,627.282,0.2150893427965475
19,5,627.742,0.24437835010384898
19,5,628.661,0.21992404056922327
19,5,629.12,0.27973685021668643
19,5,629.579,0.1676470471809484
19,5,630.497,0.2584883902831052
19,5,633.249,0.26318703227401935
19,5,633.708,0.27585778173273323
19,5,635.54,0.24212715464934434
19,5,639.199,0.1359892505749245
19,5,643.765,-0.11833297371513907
19,5,645.132,-0.18893724457461653
19,5,646.499,-0.19181742985033093
19,5,647.409,-0.2067333468667786
19,5,648.319,-0.1823296586006735
19,5,649.684,-0.3853455637932883
19,5,650.593,-0.12870825554076984
19,5,657.399,0.2560938589638763
19,5,657.851,0.19265815933335415
19,5,658.757,0.26235683727219294
19,5,660.567,0.23951498333981966
19,5,661.471,0.17922863641194242
19,5,685.732,-0.05682528540494039
19,5,686.179,0.16984449839231752
19,5,687.518,0.244542520582978
19,5,688.856,0.25218483621337784
19,5,689.301,0.3536242017236071
19,5,690.193,0.2672474801795608
19,5,690.638,0.20047166657073318
19,5,692.419,0.20280256456169488
19,5,694.199,0.1503881766271832
19,5,727.706,-0.2551484357989794
19,5,728.58,-0.20447461573396936
19,5,729.017,-0.23620949751771864
19,5,732.509,0.3871037357323488
19,5,733.38,-0.41759830660978614
19,5,735.559,0.4375702982139458
19,5,735.994,0.3300760242226333
19,5,736.429,0.15717893667090774
19,5,736.864,0.37263171346085805
19,5,737.734,0.9192131235575516
19,5,740.776,0.40816790023512883
19,5,741.21,0.44398143953087615
19,5,741.644,0.1992673197412359
19,5,742.078,0.5627237046860513
19,5,742.946,0.3720957048228382
19,5,743.379,0.17348263600557332
19,5,744.246,-0.45983085179634886
19,5,745.546,0.4806045227498454
19,5,745.979,0.36077038728676614
19,5,747.278,0.5678545688521114
19,5,749.008,0.730790196942816
19,5,749.873,-0.1771336797845141
19,5,750.305,0.6326250758731216
19,5,751.169,-0.5679158752019878
19,5,751.601,0.41316471330762095
19,5,752.896,-0.5378498010951878
19,5,753.758,-0.26886109145581194
19,5,754.19,0.2611136695740837
19,5,754.621,-0.19983736679657008
19,5,755.914,0.4888279981528086
19,5,756.344,0.2730926543908148
19,5,756.775,0.6265076828553358
19,5,757.206,0.09278783812042697
19,5,757.636,0.4297564286245175
19,5,758.066,0.21810913657682013
19,5,758.497,0.3064110849707486
19,5,758.927,0.6532922898707254
19,5,759.787,0.31204343429879877
19,5,760.647,0.29996762053045045
19,5,761.076,-0.42779044820785966
19,5,762.365,0.5393557859981838
19,5,763.223,0.8514208658831787
19,5,763.653,0.24148330634238116
19,5,764.082,-0.3428840246886337
19,5,766.225,0.5472195322155361
19,5,767.938,-0.259411542257403
19,5,768.367,-0.3748513426104518
19,5,768.795,-0.4153825145353009
19,5,769.222,0.32806374075305494
19,5,769.65,0.46873981489402317
19,5,771.36,0.5334915280905009
19,5,772.642,0.3251300146733556
19,5,773.496,-0.4144236340250918
19,5,775.203,-0.3365080275440178
19,5,776.055,-0.28529467921565943
19,5,776.908,-0.3758753033282564
19,5,778.611,0.186338468845349
19,5,782.864,0.3069096849089183
19,5,784.138,-0.23538366443578565
19,5,784.562,-0.07953466634005127
19,5,785.835,-0.4479774766125237
19,5,786.259,-0.5014696378910758
19,5,788.802,0.20199124757679401
19,5,789.648,0.13434809122722155
19,5,790.071,-0.44811149567911995
19,5,792.609,-0.13973241066356376
19,5,793.454,-0.10477471213714809
19,5,793.876,0.08627705934404784
19,5,795.143,0.31833104968353887
19,5,796.408,-0.244231218648284
19,5,797.673,0.479154978855147
19,5,798.516,0.361425995361388
19,5,798.937,0.24554530372611286
19,5,799.358,-0.360961418950655
19,5,799.779,-0.216914972765637
19,5,801.042,-0.11357806055486629
19,5,802.303,-0.11784870750209929
19,5,803.984,0.2976395542526266
19,5,804.404,0.22711195025135944
19,5,804.824,0.2645764878259611
19,5,805.244,-0.17920228496676985
19,5,805.664,0.1816818932013874
19,5,806.084,0.2818192204148896
19,5,806.503,0.21830642452224494
19,5,808.599,-0.34012789295761003
19,5,809.856,-0.17434407587331854
19,5,812.367,0.3293829540497971
19,5,817.378,0.5397310173959357
19,5,817.795,0.19395061868232896
19,5,818.629,0.2464895005291477
19,5,819.462,-0.2970173562850284
19,5,821.128,-0.32843811917513105
19,5,824.87,-0.16633695893057676
19,5,826.116,-0.3776876254051757
19,5,831.091,0.03156264223845191
19,5,831.505,-0.0480790707264544
19,5,831.919,-0.1219035660521407
19,5,833.987,0.2522298534219993
19,5,834.813,-0.14337446414186003
19,5,835.226,-0.1502530722978789
19,5,836.052,-0.25024946375793644
19,5,837.29,-0.021537809529242884
19,5,838.116,-0.26085976231628416
19,5,841.0,-0.3596903541567439
19,5,844.703,0.2044852818272823
19,5,847.167,-0.2350385079984253
19,5,847.988,-0.29756282468752926
19,5,849.628,-0.28995081456046723
19,5,852.495,-0.2129509653283786
19,5,853.313,-0.24155449019836475
19,5,853.722,-0.17323810282604366
19,5,854.54,-0.2543724978089186
19,5,854.949,-0.5188859257947204
19,5,855.357,-0.2204757074842032
19,5,856.174,-0.3455117089260492
19,5,856.583,-0.1936337128673299
19,5,858.623,0.26946875156788236
19,5,859.031,-0.17338705533518833
19,5,859.846,-0.18273475204572523
19,5,862.29,-0.33971276123589766
19,5,864.325,-0.2343195094010075
19,5,865.138,-0.5198244366930119
19,5,871.629,-0.2710745397641172
19,5,872.034,-0.11844670749860559
19,5,872.439,-0.18197639509904645
19,5,875.27,-0.14335568174065683
19,5,876.886,-0.23114969323774176
19,5,878.501,-0.25883347808559504
19,5,879.711,-0.29571283287933176
19,5,884.141,-0.11571572254242486
19,5,891.366,0.1188288065162006
19,5,894.968,-0.28439178476849436
19,5,895.368,-0.19070918008988577
19,5,900.955,-0.31774979494964284
19,5,901.752,-0.3563967153864642
19,5,904.14,0.17424010267775672
19,5,904.936,0.19907194835614103
19,5,905.333,-0.26532061157636305
19,5,907.717,0.18854575942591617
19,5,911.682,0.19197824091585794
19,5,912.474,0.16724269135834702
19,5,918.009,0.0764568868749963
19,5,918.404,-0.20145288904595177
19,5,920.376,-0.28460975859222026
19,5,923.92,-0.11104509695647774
19,5,930.204,0.266435205388254
19,5,931.771,0.07445563318283645
19,5,933.337,0.20784914373403943
19,5,933.729,0.3221137112163165
19,5,936.075,0.23182022004013408
19,5,936.465,0.11172384542499207
19,5,937.246,0.2523899159496554
19,5,939.588,0.37126553134834384
19,5,939.978,0.08120266705716142
19,5,940.757,0.21162674523462247
19,5,941.147,0.6522113282226131
19,5,941.537,0.7359637840177631
19,5,941.926,0.3231945694429338
19,5,942.315,0.5473286370295782
19,5,942.705,0.21770207680595766
19,5,943.094,0.15625995801630518
19,5,944.261,0.2878718088772021
19,5,944.65,0.3193106903962178
19,5,945.039,0.328107699425804
19,5,945.428,0.5563345828224986
19,5,946.205,0.4371722610151043
19,5,946.593,0.3930989726594121
19,5,946.982,0.7508775831134497
19,5,947.37,0.4903197676020569
19,5,947.758,0.483352997300285
19,5,948.146,0.42261773602996444
19,5,948.534,0.6746599434022952
19,5,949.31,0.1066611476497121
19,5,949.698,0.697739237059302
19,6,450.903,0.10892992825298145
19,6,451.902,0.12705978990831923
19,6,459.377,0.09127640268965834
19,6,490.499,-0.25765005982432854
19,6,491.97,-0.30710969116053827
19,6,496.377,0.29980323060842323
19,6,497.355,0.30384589733453193
19,6,498.333,0.3488777112471005
19,6,498.821,-0.503752309106422
19,6,499.31,-0.7085373804485274
19,6,500.287,-0.4259816826636703
19,6,500.775,0.7523342508538485
19,6,501.751,-0.25016611249536597
19,6,502.727,-0.4755475565724651
19,6,503.702,0.8650723927431535
19,6,504.19,-1.0185235526526164
19,6,504.677,0.2956237171704857
19,6,505.164,1.0107396699285531
19,6,506.139,-0.4181390732487447
19,6,506.625,0.8082423919694905
19,6,508.572,0.18433391789967157
19,6,509.058,0.2820229520692445
19,6,509.545,-0.5163308400444601
19,6,511.003,-0.17213281071738715
19,6,513.431,0.16084305808756244
19,6,516.341,-0.13122766230330624
19,6,521.666,-0.03671176323135507
19,6,527.942,-0.122192383474968
19,6,535.161,-0.11416930952208965
19,6,550.48,-0.0747745429220665
19,6,620.836,0.2170085201838354
19,6,621.297,0.25148334615635604
19,6,622.219,0.20258179256290293
19,6,624.522,0.17239100597300616
19,6,624.982,0.26145273195934543
19,6,625.442,0.2258708350956007
19,6,625.902,0.2679176445256358
19,6,627.282,0.22306384849498304
19,6,627.742,0.25351503792933483
19,6,628.661,0.22805371590690454
19,6,629.12,0.29087252267066765
19,6,629.579,0.17370138005446017
19,6,630.497,0.2684038397850642
19,6,633.249,0.2734721964005086
19,6,633.708,0.286520053123544
19,6,635.54,0.2513634320701741
19,6,639.199,0.1420823016686308
19,6,643.765,-0.12042481541310296
19,6,646.499,-0.19423243765873582
19,6,647.409,-0.20910478434424953
19,6,648.319,-0.1816020796904114
19,6,649.684,-0.39332652281681724
19,6,650.593,-0.12488518752515665
19,6,657.399,0.2777760002804637
19,6,658.757,0.28345081271019834
19,6,660.567,0.2593023730907677
19,6,661.471,0.1963889356127886
19,6,685.732,-0.061221730761636485
19,6,686.179,0.17537744893255272
19,6,687.518,0.25138734149002095
19,6,688.856,0.2576791506651597
19,6,689.301,0.36336416147962913
19,6,690.193,0.27277120112696573
19,6,690.638,0.2037538089482345
19,6,692.419,0.2058759911918002
19,6,694.199,0.15162770543637527
19,6,727.706,-0.2735229594223676
19,6,728.58,-0.22149543362335947
19,6,729.017,-0.25319017983581416
19,6,732.509,0.3991982393627782
19,6,733.38,-0.44282165572472926
19,6,735.559,0.45302096719124957
19,6,735.994,0.341357332943642
19,6,736.429,0.16061952354003262
19,6,736.864,0.3850451301816728
19,6,737.734,0.9592646833190188
19,6,740.776,0.4254920386161809
19,6,741.21,0.46362317666281216
19,6,741.644,0.20749324277583409
19,6,742.078,0.5890911703657368
19,6,742.946,0.3895839648865506
19,6,743.379,0.1826100801613303
19,6,744.246,-0.47944543912920295
19,6,745.546,0.5095896806231802
19,6,745.979,0.37979945220939837
19,6,747.278,0.5996931178351981
19,6,749.008,0.7690969310984015
19,6,750.305,0.6656202029435112
19,6,751.169,-0.5875824092963283
19,6,751.601,0.4390986800487891
19,6,752.896,-0.5532881711022777
19,6,753.758,-0.2723114780171123
19,6,754.19,0.28197658722718266
19,6,754.621,-0.19821198719041244
19,6,755.914,0.5186327422399467
19,6,756.344,0.2941821190449926
19,6,756.775,0.6641835150639945
19,6,757.206,0.10537327188964651
19,6,757.636,0.4566935765542049
19,6,758.066,0.23675794289328683
19,6,758.497,0.3286655015552061
19,6,758.927,0.6893323866601611
19,6,759.787,0.33528078478814843
19,6,760.647,0.3231890063995
19,6,761.076,-0.4374527307363708
19,6,762.365,0.5748170650064163
19,6,763.223,0.8994411106176599
19,6,763.653,0.2600041852286323
19,6,764.082,-0.3467962959918758
19,6,766.225,0.5828787389806483
19,6,767.938,-0.2608550218212916
19,6,768.367,-0.38235954558537194
19,6,768.795,-0.42372155834035485
19,6,769.222,0.35170743385713715
19,6,769.65,0.49785004281717415
19,6,771.36,0.5669791189704003
19,6,772.642,0.34841519189482073
19,6,773.496,-0.42380295576018606
19,6,775.203,-0.3419592481048977
19,6,776.055,-0.2871233243995136
19,6,776.908,-0.38148394515339323
19,6,782.864,0.33020651311983773
19,6,784.138,-0.2367199043540566
19,6,784.562,-0.07164413731262835
19,6,785.835,-0.45653106853467273
19,6,786.259,-0.5150061010479084
19,6,788.802,0.2220548660594381
19,6,789.648,0.15012217824991747
19,6,790.071,-0.45609613615507516
19,6,792.609,-0.13691405497946635
19,6,795.143,0.3423834681029087
19,6,796.408,-0.24466116399913482
19,6,797.673,0.5106581878712849
19,6,798.516,0.3883301339771567
19,6,798.937,0.2657091011771412
19,6,799.358,-0.36618051043628547
19,6,799.779,-0.21689398611144475
19,6,801.042,-0.1074718025660198
19,6,802.303,-0.11232472848991913
19,6,803.984,0.32057436520796656
19,6,804.404,0.24611397780944225
19,6,804.824,0.2869698779008854
19,6,805.244,-0.17860541253949275
19,6,805.664,0.19779236770423053
19,6,806.084,0.30363426948206257
19,6,806.503,0.23835755355704458
19,6,808.599,-0.3449018938717122
19,6,809.856,-0.17145777617011337
19,6,812.367,0.35382138403103636
19,6,817.378,0.5726644147665474
19,6,817.795,0.21415316635711054
19,6,818.629,0.2666615643163407
19,6,819.462,-0.3002242082105455
19,6,821.128,-0.33330817892496634
19,6,824.87,-0.16291258899502262
19,6,826.116,-0.38387274831601836
19,6,831.505,-0.03904695968776629
19,6,833.987,0.2739100319947677
19,6,834.813,-0.13857783629393586
19,6,835.226,-0.1476256241601436
19,6,836.052,-0.2514277141999482
19,6,837.29,-0.010399879368286657
19,6,838.116,-0.2638835508817923
19,6,841.0,-0.36572951266607456
19,6,844.703,0.22285903386977282
19,6,847.167,-0.23587169506528968
19,6,847.988,-0.30138091877464296
19,6,849.628,-0.29255676138995
19,6,852.495,-0.2127854485797352
19,6,853.313,-0.24171738244801802
19,6,853.722,-0.17171310644335486
19,6,854.949,-0.5334885518860369
19,6,855.357,-0.22070456436349312
19,6,856.174,-0.35118830898111514
19,6,856.583,-0.19283027865659025
19,6,858.623,0.2901727089416439
19,6,859.031,-0.17089952731068941
19,6,862.29,-0.3447142943908799
19,6,864.325,-0.23479017160503068
19,6,865.138,-0.5339529047984092
19,6,871.629,-0.27440368795083186
19,6,872.034,-0.11388995801817747
19,6,872.439,-0.18134278880472546
19,6,875.27,-0.14082992181897835
19,6,876.886,-0.23374734078339376
19,6,878.501,-0.26037532350160847
19,6,879.711,-0.2994701614361551
19,6,884.141,-0.11238053375785918
19,6,894.968,-0.2888424863903179
19,6,895.368,-0.19050747257209782
19,6,900.955,-0.32329566107276997
19,6,901.752,-0.3637011943735621
19,6,904.14,0.19085716750869416
19,6,904.936,0.21616856430242407
19,6,905.333,-0.26793190922575866
19,6,907.717,0.20596790282459826
19,6,911.682,0.20835464062761258
19,6,912.474,0.18204670648118834
19,6,918.009,0.08751485822345148
19,6,918.404,-0.20177089750563001
19,6,920.376,-0.28947105136398216
19,6,923.92,-0.10706806068564573
19,6,930.204,0.2862729221320856
19,6,931.771,0.08605006422863017
19,6,933.337,0.22602312180374198
19,6,933.729,0.3444720736254844
19,6,936.075,0.2491623351386739
19,6,936.465,0.12348201020806544
19,6,937.246,0.27167890841454534
19,6,939.588,0.3938816143638467
19,6,939.978,0.08981127779342721
19,6,941.147,0.6886861681691834
19,6,941.537,0.7765376613137818
19,6,941.926,0.34380110302398514
19,6,942.315,0.5780548209009008
19,6,942.705,0.23485270796445973
19,6,943.094,0.1717986283738133
19,6,944.261,0.30803448416299356
19,6,945.039,0.3494250780887752
19,6,945.428,0.5879092610757088
19,6,946.205,0.4640230562140121
19,6,946.593,0.41687526207065795
19,6,946.982,0.7917609536362471
19,6,947.37,0.5184003994721825
19,6,947.758,0.5107431403036995
19,6,948.146,0.448923885405611
19,6,948.534,0.7106446222340648
19,6,949.31,0.1187852853981492
19,6,949.698,0.7347497862917205
19,7,450.903,0.1060393558180266
19,7,451.902,0.12737178038388605
19,7,459.377,0.0880754573241268
19,7,490.499,-0.2712074608025115
19,7,491.97,-0.318718289048797
19,7,496.377,0.30537206152471713
19,7,497.355,0.309486609273073
19,7,498.333,0.35736676358196334
19,7,498.821,-0.5166026371680469
19,7,499.31,-0.7235162562950314
19,7,500.287,-0.4356741108671007
19,7,500.775,0.7782382131963267
19,7,501.751,-0.2564571495869448
19,7,502.727,-0.49102068522762593
19,7,503.702,0.9001286702030691
19,7,504.19,-1.0220465953555227
19,7,504.677,0.29616165893519747
19,7,505.164,1.049720081897363
19,7,506.139,-0.4341742275911453
19,7,506.625,0.8388190581357472
19,7,508.572,0.1838863905555577
19,7,509.058,0.2926220529633422
19,7,509.545,-0.5304627030849426
19,7,511.003,-0.17123827391337473
19,7,513.431,0.16917610711366624
19,7,521.666,-0.03789400614622946
19,7,527.942,-0.12778421570617654
19,7,535.161,-0.12015024186077435
19,7,550.48,-0.07941024587049478
19,7,620.836,0.22494980639720827
19,7,621.297,0.26018665849163997
19,7,622.219,0.21117073424945362
19,7,624.522,0.17815207481242093
19,7,624.982,0.27038580785835986
19,7,625.442,0.2334035455618769
19,7,627.282,0.2286493578178928
19,7,627.742,0.2628480970640545
19,7,628.661,0.2350314031151626
19,7,629.12,0.3002834013950761
19,7,629.579,0.18009275084017395
19,7,630.497,0.27792272525986067
19,7,633.249,0.28314913993085633
19,7,633.708,0.2963501677426817
19,7,639.199,0.14876552389292616
19,7,646.499,-0.1928491664351102
19,7,647.409,-0.20959328496761523
19,7,648.319,-0.1773361541777389
19,7,649.684,-0.3982001837208125
19,7,657.399,0.30233139784228963
19,7,658.757,0.3073914665618624
19,7,660.567,0.28148838406977544
19,7,661.471,0.2144177324680339
19,7,685.732,-0.013366916989787557
19,7,687.518,0.3226925720239931
19,7,688.856,0.3262362579554683
19,7,689.301,0.43001381353666046
19,7,690.193,0.32494431907137633
19,7,690.638,0.24768162867644425
19,7,692.419,0.23276471206943408
19,7,727.706,-0.29403869699268326
19,7,728.58,-0.2436888665008008
19,7,729.017,-0.27575002942625637
19,7,732.509,0.40081451963554426
19,7,733.38,-0.4698625309851471
19,7,735.559,0.4607250598123877
19,7,735.994,0.34438788333091797
19,7,736.429,0.16299219732831882
19,7,736.864,0.3836207322237156
19,7,737.734,0.982417652190827
19,7,740.776,0.4300764257038178
19,7,741.21,0.47601049196440237
19,7,741.644,0.1960076347298008
19,7,742.078,0.5994227614664264
19,7,742.946,0.38929508561055765
19,7,743.379,0.17948639815329226
19,7,744.246,-0.5029659544939313
19,7,745.546,0.5310239130733928
19,7,745.979,0.39431640483197017
19,7,747.278,0.6185638074276312
19,7,749.008,0.7968747675281722
19,7,750.305,0.6865389373861467
19,7,751.169,-0.6062154661012515
19,7,751.601,0.46008262405904665
19,7,752.896,-0.5640857326101311
19,7,753.758,-0.2823381435515306
19,7,754.19,0.2920520792539434
19,7,754.621,-0.21003763202674766
19,7,755.914,0.5348944835047436
19,7,756.775,0.684673643836419
19,7,757.636,0.47839486398261505
19,7,758.066,0.25506140029607693
19,7,758.497,0.33721670111291885
19,7,758.927,0.7052065687016913
19,7,759.787,0.34247758443286674
19,7,760.647,0.33893257807592025
19,7,761.076,-0.4443673425082368
19,7,762.365,0.5960666212340998
19,7,763.223,0.9369937546475161
19,7,763.653,0.26474627809125545
19,7,764.082,-0.35702974232183554
19,7,766.225,0.6054688002225312
19,7,767.938,-0.26160521512001744
19,7,768.367,-0.3932031490326838
19,7,768.795,-0.4340171893039488
19,7,769.222,0.36214974309007547
19,7,769.65,0.5158813158899169
19,7,771.36,0.5830069595788648
19,7,772.642,0.3672433007090541
19,7,773.496,-0.4358190812820645
19,7,775.203,-0.3537859707121144
19,7,776.055,-0.2927523135013501
19,7,776.908,-0.3890158021759543
19,7,782.864,0.3451664991844878
19,7,784.138,-0.24825773451432792
19,7,784.562,-0.07123130230777874
19,7,785.835,-0.4721007150920874
19,7,786.259,-0.5344687153257354
19,7,788.802,0.2301390677564251
19,7,789.648,0.1563455598719067
19,7,790.071,-0.46575086756024914
19,7,795.143,0.35514748934729246
19,7,796.408,-0.24850220203361184
19,7,797.673,0.5311066645731465
19,7,798.516,0.40146524727922706
19,7,798.937,0.2731332662498916
19,7,799.358,-0.3773675315701894
19,7,799.779,-0.22563960971994876
19,7,801.042,-0.11304889917657764
19,7,803.984,0.33321772691122215
19,7,804.404,0.256477162346526
19,7,804.824,0.2949798191579664
19,7,806.084,0.3148510747185896
19,7,806.503,0.24866850543653765
19,7,808.599,-0.35636931831614227
19,7,809.856,-0.17278857812936746
19,7,812.367,0.36040674143407114
19,7,817.378,0.5885550257276798
19,7,817.795,0.22424117169116348
19,7,818.629,0.2744783883751426
19,7,819.462,-0.3109629047154509
19,7,821.128,-0.34560546748760146
19,7,824.87,-0.1641016294440694
19,7,826.116,-0.3958471181855537
19,7,833.987,0.28711258944273016
19,7,834.813,-0.13646829981586817
19,7,835.226,-0.1484731632778819
19,7,836.052,-0.25943925653529404
19,7,838.116,-0.2755283248610332
19,7,841.0,-0.37721385244659256
19,7,844.703,0.22885326726072783
19,7,847.167,-0.24344483116604226
19,7,847.988,-0.31505886513050313
19,7,849.628,-0.30179569402329437
19,7,852.495,-0.2195796876333256
19,7,853.313,-0.24650197226115186
19,7,853.722,-0.17521014279383534
19,7,854.949,-0.550983238575432
19,7,855.357,-0.2293784494236908
19,7,856.174,-0.36237735475035276
19,7,856.583,-0.20102105889841282
19,7,858.623,0.2976979156051745
19,7,859.031,-0.177494306811516
19,7,862.29,-0.35497294133332785
19,7,864.325,-0.24137858634964757
19,7,865.138,-0.5522631091550576
19,7,871.629,-0.28537205409036626
19,7,872.034,-0.11568453035129783
19,7,872.439,-0.18536373881822946
19,7,876.886,-0.24475085352194637
19,7,878.501,-0.2682029098201732
19,7,879.711,-0.30803053486079773
19,7,884.141,-0.11640551401475929
19,7,894.968,-0.3028179466732696
19,7,895.368,-0.19916942977750265
19,7,900.955,-0.3364354862158336
19,7,901.752,-0.37889942625792733
19,7,904.936,0.21585164577098886
19,7,905.333,-0.27989798095718177
19,7,907.717,0.21041978233960504
19,7,911.682,0.20904490840810847
19,7,912.474,0.1790372119392827
19,7,918.009,0.08642250063918974
19,7,918.404,-0.21255382257271463
19,7,920.376,-0.3043242358500347
19,7,930.204,0.2853304845534588
19,7,931.771,0.08167845230683227
19,7,933.337,0.22624984510330579
19,7,936.075,0.24736006837198812
19,7,936.465,0.11476425714323582
19,7,937.246,0.2668025383444637
19,7,939.588,0.39034858344110246
19,7,939.978,0.07989006712407402
19,7,941.147,0.6976845910404238
19,7,941.537,0.7913597271431978
19,7,941.926,0.3407793371554762
19,7,942.315,0.5864453217150902
19,7,942.705,0.23402539859926466
19,7,943.094,0.16707813041474842
19,7,944.261,0.30763082183456497
19,7,945.039,0.3488676970204604
19,7,945.428,0.590139893508723
19,7,946.205,0.46745328834007716
19,7,946.593,0.41571755561157275
19,7,946.982,0.805544124058271
19,7,947.37,0.5213532690116501
19,7,947.758,0.5112262900216763
19,7,948.146,0.4519589565966483
19,7,948.534,0.7213020365011191
19,7,949.31,0.11097873957033011
19,7,949.698,0.7487751935825471
19,8,451.902,0.12654232520544384
19,8,490.499,-0.2817188015231756
19,8,491.97,-0.3241379882878044
19,8,496.377,0.3083335213994042
19,8,497.355,0.30970830415642137
19,8,498.333,0.3648277958910043
19,8,498.821,-0.513224136642268
19,8,499.31,-0.7179846824282964
19,8,500.287,-0.4277334838051487
19,8,500.775,0.8045425409052731
19,8,501.751,-0.25037757177876363
19,8,502.727,-0.49180933201714855
19,8,503.702,0.946696405139772
19,8,504.19,-0.9872067824629273
19,8,504.677,0.3043308729162129
19,8,505.164,1.091966235472791
19,8,506.139,-0.4393492225707143
19,8,506.625,0.8697872556804084
19,8,508.572,0.17886038630740073
19,8,509.058,0.30532478797395346
19,8,509.545,-0.5337918592227724
19,8,511.003,-0.16201407429881542
19,8,513.431,0.17646117297858052
19,8,521.666,-0.03966124748375335
19,8,527.942,-0.13400538096687326
19,8,535.161,-0.12722777969758065
19,8,620.836,0.224981691118095
19,8,621.297,0.2609883555477401
19,8,622.219,0.21272084403466285
19,8,624.522,0.17621193034177612
19,8,624.982,0.2700856679411138
19,8,625.442,0.23325428132335463
19,8,627.282,0.22557198183419158
19,8,627.742,0.2648443517018207
19,8,628.661,0.23333077407567487
19,8,629.12,0.2999385695051749
19,8,630.497,0.2788590443995241
19,8,633.249,0.28374940677502325
19,8,633.708,0.2965430511771471
19,8,639.199,0.1475155772904789
19,8,646.499,-0.1926887696928667
19,8,647.409,-0.21253509233701767
19,8,648.319,-0.1723238321396808
19,8,649.684,-0.3992048164794164
19,8,657.399,0.330371046279538
19,8,658.757,0.3356460337616108
19,8,660.567,0.3094875707486514
19,8,661.471,0.23784283430231887
19,8,687.518,0.46468545162640285
19,8,688.856,0.4643690199012578
19,8,690.193,0.4231389086465569
19,8,690.638,0.331831515292184
19,8,692.419,0.2792102647482063
19,8,727.706,-0.3229357074029741
19,8,728.58,-0.27550869801122185
19,8,729.017,-0.3068993666810716
19,8,732.509,0.38979424673647306
19,8,733.38,-0.49421225177104183
19,8,735.559,0.46462443291631966
19,8,735.994,0.3433423862785605
19,8,736.429,0.16848257040583434
19,8,736.864,0.37561678761577244
19,8,737.734,0.993908265000422
19,8,740.776,0.4371844718405062
19,8,741.21,0.4954761246472793
19,8,741.644,0.18559211119604288
19,8,742.078,0.6125029039036249
19,8,742.946,0.3931099782298856
19,8,743.379,0.18664321789052707
19,8,744.246,-0.5027163672183448
19,8,745.546,0.565107010900271
19,8,745.979,0.42246941142430233
19,8,747.278,0.6464187136595297
19,8,749.008,0.8320861469064119
19,8,750.305,0.720160658986276
19,8,751.169,-0.5920491546295107
19,8,751.601,0.4992545171793901
19,8,752.896,-0.5398821335321311
19,8,753.758,-0.2667153766186425
19,8,754.19,0.31731125754045814
19,8,754.621,-0.20083184009538096
19,8,755.914,0.564644875252541
19,8,756.775,0.7128816772475349
19,8,757.636,0.5177123624523949
19,8,758.066,0.29691718828384306
19,8,758.497,0.3591349483677782
19,8,758.927,0.7268908735411257
19,8,759.787,0.3586344195871554
19,8,761.076,-0.42234495671533107
19,8,762.365,0.6255072323018747
19,8,763.223,0.9823316230588991
19,8,763.653,0.27842693835328214
19,8,764.082,-0.34624106070757577
19,8,766.225,0.6364459365240297
19,8,767.938,-0.23883828919035802
19,8,768.367,-0.382169806065909
19,8,768.795,-0.4213627392807817
19,8,769.222,0.38204954576991235
19,8,769.65,0.5431788235382211
19,8,771.36,0.6017288816418135
19,8,772.642,0.3983871929533647
19,8,773.496,-0.4278652749133677
19,8,775.203,-0.34926900144953815
19,8,776.055,-0.28022918949545045
19,8,776.908,-0.3774465495473895
19,8,782.864,0.3677148237528405
19,8,784.138,-0.2500540962152421
19,8,784.562,-0.0608973951677785
19,8,785.835,-0.4741310157994927
19,8,786.259,-0.5409461671122778
19,8,788.802,0.24161617019811718
19,8,790.071,-0.45902494802464816
19,8,795.143,0.36772924100117205
19,8,796.408,-0.24005214370772449
19,8,797.673,0.5529133204439475
19,8,798.516,0.412931133029081
19,8,798.937,0.2822717628368879
19,8,799.358,-0.3787597926589871
19,8,799.779,-0.22799145704434728
19,8,801.042,-0.11329949960619075
19,8,803.984,0.34706663213021577
19,8,804.404,0.2698415944815967
19,8,804.824,0.30236940842751275
19,8,806.084,0.3266841757676231
19,8,806.503,0.26243033246430036
19,8,808.599,-0.3588525266219286
19,8,809.856,-0.1665882623023552
19,8,812.367,0.36383621208783984
19,8,817.378,0.5977296864155033
19,8,817.795,0.23498751982033844
19,8,818.629,0.2807715929005158
19,8,819.462,-0.31595157202338453
19,8,821.128,-0.3512281906156885
19,8,824.87,-0.15863875875219893
19,8,826.116,-0.4009060564436839
19,8,833.987,0.29918788174628
19,8,834.813,-0.1283988742934797
19,8,835.226,-0.14382253787460378
19,8,838.116,-0.28503775573369017
19,8,841.0,-0.38175599125799947
19,8,844.703,0.23050413326667557
19,8,847.167,-0.24798137724019315
19,8,847.988,-0.32711657300747715
19,8,849.628,-0.3069448430578559
19,8,852.495,-0.22346286607205454
19,8,853.313,-0.24750112387973022
19,8,853.722,-0.1761053495026872
19,8,854.949,-0.559474570433541
19,8,855.357,-0.23667075744859695
19,8,856.174,-0.36855575669540686
19,8,858.623,0.29942221629963633
19,8,859.031,-0.18393680240141358
19,8,862.29,-0.3612620454987225
19,8,864.325,-0.24549247154098114
19,8,865.138,-0.5645734724910386
19,8,871.629,-0.2955359323510031
19,8,872.034,-0.11669234559073322
19,8,872.439,-0.18741700449483098
19,8,876.886,-0.25506196291116096
19,8,878.501,-0.27432530878969474
19,8,884.141,-0.12044316103854151
19,8,894.968,-0.31690903007556326
19,8,895.368,-0.20855996526638618
19,8,900.955,-0.34864538942511675
19,8,901.752,-0.39349587221738436
19,8,904.936,0.20478949836589702
19,8,905.333,-0.29347082271806324
19,8,907.717,0.20761892184675465
19,8,911.682,0.20173518410414845
19,8,912.474,0.16614375892426572
19,8,918.009,0.07932641649042632
19,8,920.376,-0.32000209321242357
19,8,930.204,0.2711022076867054
19,8,931.771,0.06719135919337231
19,8,933.337,0.21569502847463456
19,8,936.075,0.2338277418776441
19,8,937.246,0.24707987676226387
19,8,939.588,0.37077434376826024
19,8,941.147,0.6867495169007315
19,8,941.537,0.787116721178037
19,8,941.926,0.3226298859099058
19,8,942.315,0.579475276857747
19,8,942.705,0.2242940771602532
19,8,943.094,0.15086761800529092
19,8,944.261,0.2955651138981895
19,8,945.039,0.33493891326323855
19,8,945.428,0.5728770525970105
19,8,946.205,0.4561353526342102
19,8,946.593,0.3989962603950637
19,8,946.982,0.7991481330308345
19,8,947.37,0.507831744915895
19,8,947.758,0.4946159766689136
19,8,948.146,0.43966202125246395
19,8,948.534,0.7123441211618269
19,8,949.31,0.09364920854524729
19,8,949.698,0.744202983090215
19,9,451.902,0.12904031431712415
19,9,490.499,-0.2983028520055033
19,9,496.377,0.31830706747577536
19,9,498.333,0.377118551922516
19,9,498.821,-0.5372442455680255
19,9,499.31,-0.7523250753664587
19,9,500.287,-0.4421932321244339
19,9,500.775,0.8394329272632554
19,9,501.751,-0.25579538960792164
19,9,502.727,-0.49496031465610574
19,9,503.702,1.0108238648401802
19,9,504.19,-1.0081330861275866
19,9,504.677,0.34676871535849263
19,9,505.164,1.1646880133883453
19,9,506.139,-0.4309479666786698
19,9,506.625,0.9302468984917635
19,9,508.572,0.20807468050102465
19,9,509.058,0.3398218490834087
19,9,509.545,-0.5371038321202577
19,9,511.003,-0.1549045076810921
19,9,513.431,0.1949805297075139
19,9,527.942,-0.13566606717176577
19,9,535.161,-0.1293734644854487
19,9,620.836,0.24401397285875362
19,9,621.297,0.28195626475996194
19,9,622.219,0.23074951562749105
19,9,624.982,0.29162772797427655
19,9,625.442,0.253120455442186
19,9,627.282,0.24612718714216608
19,9,627.742,0.285409790901794
19,9,628.661,0.25389861828276455
19,9,629.12,0.32360907449338433
19,9,630.497,0.30010717875718645
19,9,633.249,0.3066432173069733
19,9,633.708,0.31931795909195426
19,9,639.199,0.16523515521196006
19,9,646.499,-0.18978173527509956
19,9,647.409,-0.2097332778561026
19,9,648.319,-0.16953555505094262
19,9,649.684,-0.4066973752111007
19,9,657.399,0.34722399995714937
19,9,658.757,0.3517240369037831
19,9,660.567,0.32127959113446414
19,9,661.471,0.24691836043089213
19,9,687.518,0.47153475085116286
19,9,688.856,0.47863500286752453
19,9,690.193,0.44207288099305114
19,9,690.638,0.3493757265529033
19,9,692.419,0.2949912702154115
19,9,729.017,-0.32727721628183615
19,9,732.509,0.395475600002605
19,9,733.38,-0.5275311484913228
19,9,735.559,0.4692280844881396
19,9,735.994,0.3475476894789713
19,9,736.429,0.1583653212960145
19,9,736.864,0.3789253749020498
19,9,737.734,1.0245908785906002
19,9,740.776,0.4413048495246497
19,9,741.21,0.49913761315458555
19,9,741.644,0.18042468422765978
19,9,742.078,0.6259255385176733
19,9,742.946,0.39702630089144497
19,9,743.379,0.1853183791858869
19,9,744.246,-0.5402051519267971
19,9,745.546,0.5794923742287246
19,9,745.979,0.42626117315969675
19,9,747.278,0.6639418460636515
19,9,749.008,0.8533884374246686
19,9,750.305,0.7393235623385906
19,9,751.169,-0.6303835188945657
19,9,751.601,0.5088841923939917
19,9,752.896,-0.5749849432676223
19,9,753.758,-0.2909724642851107
19,9,754.19,0.31985715596663916
19,9,754.621,-0.2162000770684397
19,9,755.914,0.577485701710409
19,9,756.775,0.7344387275694676
19,9,757.636,0.5288687708487125
19,9,758.066,0.2979835975739011
19,9,758.497,0.3666269633113022
19,9,758.927,0.7490090195548927
19,9,759.787,0.363011544373681
19,9,761.076,-0.4535133957781176
19,9,762.365,0.6426509868521745
19,9,763.223,1.0133074033222915
19,9,764.082,-0.36634915048736433
19,9,766.225,0.6545398603660407
19,9,767.938,-0.2631880409497298
19,9,768.367,-0.40828307239610084
19,9,768.795,-0.4476848487198751
19,9,769.222,0.38772920028544094
19,9,769.65,0.5553604996983641
19,9,771.36,0.6193463906904872
19,9,772.642,0.4032221591105261
19,9,773.496,-0.45683060474353565
19,9,775.203,-0.37236514689650113
19,9,776.055,-0.2994739062253881
19,9,776.908,-0.40299854620090714
19,9,782.864,0.37354329921628004
19,9,784.138,-0.26936014306912254
19,9,785.835,-0.502878810016687
19,9,786.259,-0.574249957517565
19,9,788.802,0.24481009880422186
19,9,790.071,-0.4863900473919244
19,9,795.143,0.3743384745361127
19,9,796.408,-0.261322645570031
19,9,797.673,0.566533268654309
19,9,798.516,0.42239899888051413
19,9,798.937,0.2861098340841264
19,9,799.358,-0.40251049270003486
19,9,799.779,-0.24663695996940194
19,9,801.042,-0.12692379946645102
19,9,803.984,0.35228490852350675
19,9,804.404,0.2707730490807883
19,9,806.084,0.32868236882436597
19,9,806.503,0.26335222786256507
19,9,808.599,-0.38277200446031756
19,9,809.856,-0.1826594171799017
19,9,812.367,0.3700990628221334
19,9,817.378,0.6127357075390291
19,9,817.795,0.23411166077334136
19,9,818.629,0.28147960473906797
19,9,819.462,-0.3391558925296607
19,9,821.128,-0.37577461129148665
19,9,824.87,-0.17575065040286883
19,9,826.116,-0.4283926460673981
19,9,833.987,0.30021447157949427
19,9,834.813,-0.1434814393428375
19,9,835.226,-0.16017167747441036
19,9,844.703,0.22939594040404362
19,9,847.167,-0.26865488752894434
19,9,847.988,-0.35084345346769796
19,9,849.628,-0.33013088554358316
19,9,853.313,-0.26770216479549525
19,9,854.949,-0.5940156582114965
19,9,855.357,-0.25581091191382965
19,9,856.174,-0.3945291309312805
19,9,858.623,0.3013490012356165
19,9,862.29,-0.3860992080903321
19,9,865.138,-0.5981803851001252
19,9,871.629,-0.3161838191690645
19,9,872.034,-0.13133827762222905
19,9,876.886,-0.27452273817466627
19,9,878.501,-0.2937334935278537
19,9,884.141,-0.13423335302070497
19,9,894.968,-0.33783746310243956
19,9,895.368,-0.2259211096216701
19,9,900.955,-0.37176486821522736
19,9,901.752,-0.4191684598161077
19,9,904.936,0.20595549774599628
19,9,905.333,-0.3134708104169204
19,9,907.717,0.2090799843732798
19,9,911.682,0.202833727231089
19,9,912.474,0.16593238217896777
19,9,918.009,0.07444636169823145
19,9,920.376,-0.34114215574402784
19,9,930.204,0.2748947175341507
19,9,931.771,0.06227308957953008
19,9,933.337,0.21839964221208552
19,9,936.075,0.23419021020459058
19,9,937.246,0.250558043911171
19,9,939.588,0.38000156936544777
19,9,941.147,0.7093472825790115
19,9,941.537,0.8156058625175455
19,9,941.926,0.3274645309734652
19,9,942.315,0.59397537567704
19,9,943.094,0.14704521591776487
19,9,944.261,0.2995682605877426
19,9,945.039,0.33939603988242606
19,9,945.428,0.5901030384082047
19,9,946.205,0.46874454138595545
19,9,946.593,0.40754037195513915
19,9,946.982,0.8248756463428705
19,9,947.37,0.5208901510800831
19,9,947.758,0.5089473149561954
19,9,948.146,0.450156649164066
19,9,948.534,0.7351751346698092
19,9,949.31,0.08956864170817823
19,9,949.698,0.7664983727172316
19,10,490.499,-0.30574757456839113
19,10,496.377,0.34928277312163575
19,10,498.821,-0.5620946911081734
19,10,499.31,-0.7953575808107141
19,10,500.287,-0.4636254969530616
19,10,500.775,0.8964177756800971
19,10,502.727,-0.5139247162418291
19,10,503.702,1.0653163438242932
19,10,504.19,-1.0870602917491994
19,10,504.677,0.3709756971396147
19,10,505.164,1.2246384949414344
19,10,506.139,-0.45697034093648153
19,10,506.625,0.964913138363903
19,10,508.572,0.220474731853678
19,10,509.058,0.3484585203843494
19,10,509.545,-0.5764312786965216
19,10,513.431,0.2013870734543759
19,10,535.161,-0.13515987637747937
19,10,620.836,0.24867887621996554
19,10,621.297,0.2885431823873081
19,10,622.219,0.23325539352718463
19,10,624.982,0.2991086528922307
19,10,625.442,0.25689444869872313
19,10,627.282,0.2510381194934812
19,10,627.742,0.2904835415792809
19,10,629.12,0.33216935366416056
19,10,630.497,0.30626126658447783
19,10,633.249,0.3130229131462173
19,10,633.708,0.32648510975469736
19,10,639.199,0.15672370971908248
19,10,646.499,-0.23656200855104764
19,10,648.319,-0.21639671752175055
19,10,649.684,-0.4671426083970661
19,10,657.399,0.334013404545408
19,10,658.757,0.34132141926857557
19,10,660.567,0.31292278648345556
19,10,661.471,0.23756098224779856
19,10,687.518,0.4318941316164839
19,10,688.856,0.43556699696976636
19,10,690.193,0.41477293446663605
19,10,690.638,0.321144498310093
19,10,692.419,0.28499018357455974
19,10,729.017,-0.33386722899473165
19,10,732.509,0.4287824960066123
19,10,733.38,-0.5541352100215287
19,10,735.559,0.49693978155569585
19,10,735.994,0.3691752627734255
19,10,736.429,0.16400771101992354
19,10,736.864,0.4079378908720676
19,10,737.734,1.0865503227042352
19,10,740.776,0.46413303518504273
19,10,741.21,0.5205078186704927
19,10,741.644,0.1934979561420774
19,10,742.078,0.6584134549591181
19,10,742.946,0.41383246296417914
19,10,744.246,-0.582639923303529
19,10,745.546,0.5904202591014667
19,10,745.979,0.43406585434296696
19,10,747.278,0.6908216571040396
19,10,749.008,0.8861779228701382
19,10,750.305,0.7715019833488984
19,10,751.169,-0.6822954009331873
19,10,751.601,0.5233410396786474
19,10,752.896,-0.6297182012865081
19,10,753.758,-0.3175648077893101
19,10,754.19,0.3279806949169151
19,10,754.621,-0.23666406951775837
19,10,755.914,0.6039182335833861
19,10,756.775,0.7703699463271834
19,10,757.636,0.5464631169160128
19,10,758.066,0.29806527717571873
19,10,758.497,0.380645752048775
19,10,758.927,0.7895705278690959
19,10,759.787,0.38438741813163063
19,10,761.076,-0.4986021069705997
19,10,762.365,0.6734244960373832
19,10,763.223,1.0605579380367027
19,10,764.082,-0.3987608754422308
19,10,766.225,0.6864487269858954
19,10,767.938,-0.29102900698898704
19,10,768.795,-0.48011999132713346
19,10,769.222,0.40979597054035205
19,10,769.65,0.5860226232345799
19,10,771.36,0.6573357248345952
19,10,772.642,0.4202166184896683
19,10,773.496,-0.4865259977192001
19,10,775.203,-0.39561530439276005
19,10,776.055,-0.32142835694807304
19,10,776.908,-0.4289672351736165
19,10,782.864,0.3953014339445127
19,10,784.138,-0.2802396311994321
19,10,785.835,-0.5304811183195162
19,10,786.259,-0.6054474176064706
19,10,788.802,0.2615443135306588
19,10,790.071,-0.5164757301820623
19,10,795.143,0.40055988186668284
19,10,796.408,-0.2776211201651764
19,10,797.673,0.6025506278007562
19,10,798.516,0.45309468637564504
19,10,798.937,0.30879197130028346
19,10,799.358,-0.4230611635315541
19,10,799.779,-0.2554903540538239
19,10,801.042,-0.12770591506800377
19,10,803.984,0.3786950515150375
19,10,806.084,0.35515488073326285
19,10,806.503,0.2818622894857815
19,10,808.599,-0.4002956061493915
19,10,809.856,-0.19168152172521916
19,10,812.367,0.40396350845580636
19,10,817.378,0.6612385890471888
19,10,817.795,0.2524862034056558
19,10,818.629,0.3053493642178072
19,10,819.462,-0.3539567968813953
19,10,821.128,-0.39290784243875815
19,10,824.87,-0.18307851971645075
19,10,826.116,-0.44956400666942503
19,10,833.987,0.3211318701364611
19,10,834.813,-0.152806584718488
19,10,835.226,-0.16702957074950905
19,10,847.167,-0.278783114139411
19,10,847.988,-0.3639513891466973
19,10,849.628,-0.34279588664543875
19,10,853.313,-0.282407790450151
19,10,854.949,-0.6250069899779797
19,10,855.357,-0.2641885548587609
19,10,856.174,-0.41176367014833304
19,10,858.623,0.3286351055522087
19,10,862.29,-0.4045022068743956
19,10,865.138,-0.6273794293726649
19,10,871.629,-0.32635532193035155
19,10,876.886,-0.28257966582985855
19,10,884.141,-0.13464052817535144
19,10,894.968,-0.3498180549093515
19,10,895.368,-0.23174402337479472
19,10,900.955,-0.3866687783297623
19,10,901.752,-0.437822528475148
19,10,904.936,0.2315909125268311
19,10,905.333,-0.3250771753664337
19,10,907.717,0.22891010280169846
19,10,911.682,0.22674120575682222
19,10,912.474,0.19033735878928648
19,10,918.009,0.08906724596756138
19,10,920.376,-0.35291910663064413
19,10,930.204,0.3069011282441623
19,10,933.337,0.24436604174477483
19,10,936.075,0.2649305431527651
19,10,937.246,0.28410896767926697
19,10,939.588,0.4227462300698477
19,10,941.147,0.7698911948241198
19,10,941.537,0.8826745472497142
19,10,941.926,0.36498324751866673
19,10,942.315,0.6469341153722058
19,10,944.261,0.3326081584663565
19,10,945.039,0.37658020954078525
19,10,945.428,0.6466547247848636
19,10,946.205,0.5151771778475848
19,10,946.593,0.45267746884855664
19,10,946.982,0.891401566253925
19,10,947.37,0.5712025371201229
19,10,947.758,0.5594854946492762
19,10,948.146,0.4937181384595878
19,10,948.534,0.8006794642182296
19,10,949.698,0.8310933256419125
19,11,490.499,-0.31643520141722425
19,11,496.377,0.3530618257034509
19,11,498.821,-0.5759624555993239
19,11,499.31,-0.8144398753487399
19,11,500.287,-0.4731642930006567
19,11,500.775,0.9146605588174177
19,11,502.727,-0.5166917165275311
19,11,503.702,1.0983473853468915
19,11,504.19,-1.095915815835929
19,11,504.677,0.39492127963265233
19,11,505.164,1.2656090043106827
19,11,506.139,-0.4500383975628422
19,11,506.625,1.003295408566365
19,11,508.572,0.23710755493406677
19,11,509.058,0.36808402158084036
19,11,509.545,-0.5778074626211518
19,11,620.836,0.263657903333025
19,11,621.297,0.3043241693768246
19,11,622.219,0.24799830717315857
19,11,624.982,0.31578596835623074
19,11,627.282,0.2668834659465469
19,11,627.742,0.30665706617286337
19,11,629.12,0.34970936929368623
19,11,630.497,0.32317270315115654
19,11,633.249,0.33046287102066335
19,11,633.708,0.3442120478346507
19,11,639.199,0.1731036804641991
19,11,646.499,-0.2247559190188351
19,11,648.319,-0.20477430512000902
19,11,649.684,-0.46113920792443525
19,11,657.399,0.3509130199230769
19,11,658.757,0.35727725771427693
19,11,660.567,0.32507257879652063
19,11,661.471,0.24725940346258574
19,11,687.518,0.4373808271997109
19,11,688.856,0.4459463092413098
19,11,690.193,0.42817870214018566
19,11,690.638,0.3340876274950315
19,11,692.419,0.29634025306122697
19,11,729.017,-0.34569879036434054
19,11,732.509,0.43099351827645693
19,11,733.38,-0.5747175709381273
19,11,735.559,0.4974731744600245
19,11,735.994,0.3669433316774094
19,11,736.429,0.15700379198746997
19,11,736.864,0.40553633458934707
19,11,737.734,1.1008471057284366
19,11,740.776,0.46189879013573815
19,11,741.21,0.5177892134081289
19,11,741.644,0.18450773141056756
19,11,742.078,0.6583108605646322
19,11,742.946,0.4080224214678949
19,11,744.246,-0.6121528129261984
19,11,745.546,0.5900530527398556
19,11,745.979,0.42841207823301436
19,11,747.278,0.6906129877220885
19,11,749.008,0.8896769034780831
19,11,750.305,0.7716265007906805
19,11,751.169,-0.7141359751631873
19,11,751.601,0.5185938269810328
19,11,752.896,-0.660890883980926
19,11,754.19,0.3189101314337262
19,11,754.621,-0.2563519931564646
19,11,755.914,0.5989536154614702
19,11,756.775,0.7711419255263563
19,11,757.636,0.5410384098770689
19,11,758.066,0.28717886950196586
19,11,758.497,0.37218591869414086
19,11,758.927,0.7913026619139818
19,11,759.787,0.3759533871327133
19,11,761.076,-0.5259801220277017
19,11,762.365,0.6717773171105955
19,11,763.223,1.0676554546842694
19,11,764.082,-0.4213738042523332
19,11,766.225,0.6865197789401981
19,11,767.938,-0.3132074399643896
19,11,768.795,-0.5054314900319028
19,11,769.222,0.40268327534730847
19,11,769.65,0.5818464912119727
19,11,771.36,0.65706598531566
19,11,772.642,0.4135151918562499
19,11,773.496,-0.512466733437496
19,11,775.203,-0.4189395670903699
19,11,776.055,-0.34107451950545453
19,11,776.908,-0.45303645756829813
19,11,782.864,0.3893509354257365
19,11,784.138,-0.30000370007822674
19,11,785.835,-0.5547550823210284
19,11,786.259,-0.6327630292836149
19,11,788.802,0.25497361855378287
19,11,790.071,-0.539238186309364
19,11,795.143,0.3970117050534914
19,11,796.408,-0.2955862848951729
19,11,797.673,0.6036070651563766
19,11,798.516,0.45084119293455965
19,11,799.358,-0.4430664873898234
19,11,799.779,-0.2729230658529792
19,11,801.042,-0.14185353018175328
19,11,803.984,0.37504374798637125
19,11,806.084,0.35048570292331205
19,11,806.503,0.2760954725047372
19,11,808.599,-0.4199982480944519
19,11,812.367,0.40104653618361263
19,11,817.378,0.6643813119522864
19,11,817.795,0.24741940544182175
19,11,818.629,0.2999688560497766
19,11,819.462,-0.371669866816026
19,11,821.128,-0.41186385630034195
19,11,826.116,-0.46892945464093955
19,11,833.987,0.31848339037344836
19,11,834.813,-0.1647752787618549
19,11,835.226,-0.17997566579887522
19,11,847.167,-0.29353629881913124
19,11,853.313,-0.29621372342594265
19,11,854.949,-0.6466986566738986
19,11,855.357,-0.277412822552338
19,11,856.174,-0.42883484056390153
19,11,858.623,0.32756506985748496
19,11,862.29,-0.4208934509429332
19,11,865.138,-0.64836373147791
19,11,871.629,-0.34073468760232156
19,11,876.886,-0.2956754503458572
19,11,884.141,-0.14478644088307366
19,11,894.968,-0.3634771156997497
19,11,895.368,-0.2425821503790671
19,11,900.955,-0.4013117197725327
19,11,901.752,-0.4534038953319351
19,11,904.936,0.23085680838391318
19,11,905.333,-0.337314019982832
19,11,907.717,0.22817769327745832
19,11,911.682,0.22583646538993168
19,11,912.474,0.18812400060419682
19,11,918.009,0.0848688537336713
19,11,920.376,-0.36567678329133796
19,11,930.204,0.30716224139109155
19,11,936.075,0.2639058046837443
19,11,937.246,0.28476915818578813
19,11,939.588,0.42621911265349316
19,11,941.147,0.7805377738165735
19,11,941.537,0.8961940495668455
19,11,941.926,0.36700361413191257
19,11,942.315,0.6544454779412376
19,11,944.261,0.3336895566200115
19,11,945.039,0.3776345722193732
19,11,945.428,0.6555374572978643
19,11,946.205,0.5205056208828758
19,11,946.593,0.45518645364605725
19,11,946.982,0.9048537550020295
19,11,947.37,0.5764881054856239
19,11,947.758,0.5658339222543877
19,11,948.146,0.4982151121395727
19,11,948.534,0.8110419573802226
19,11,949.698,0.8418630429905214
19,12,490.499,-0.3321224899961861
19,12,496.377,0.35228265738764136
19,12,498.821,-0.5870057101164722
19,12,499.31,-0.822364444868329
19,12,500.287,-0.4794594521887375
19,12,500.775,0.9256070624858782
19,12,502.727,-0.5174189259978978
19,12,503.702,1.1194142371101328
19,12,504.19,-1.0711381681903067
19,12,504.677,0.3932943012360922
19,12,505.164,1.280326480928251
19,12,506.139,-0.44936357086992107
19,12,506.625,1.0373640275816651
19,12,508.572,0.23690074098460445
19,12,509.058,0.37574814289773945
19,12,509.545,-0.5798337923167383
19,12,620.836,0.29032414778885324
19,12,621.297,0.3307052637227634
19,12,624.982,0.3449971928065298
19,12,627.282,0.2944901479639792
19,12,627.742,0.33640062380175734
19,12,629.12,0.38020645328404573
19,12,630.497,0.35389148964749345
19,12,633.249,0.36319434903735626
19,12,633.708,0.37691955204214816
19,12,646.499,-0.15481469027163372
19,12,648.319,-0.1308671118927055
19,12,649.684,-0.39000706676715796
19,12,657.399,0.4222829532081892
19,12,660.567,0.3814693387464885
19,12,661.471,0.29697118395434136
19,12,687.518,0.4793809563132393
19,12,688.856,0.49368230212344466
19,12,690.193,0.4687132200742538
19,12,690.638,0.37183183404295395
19,12,692.419,0.3178139859706972
19,12,729.017,-0.3670577855015015
19,12,732.509,0.42201582593850484
19,12,733.38,-0.6034739343130837
19,12,735.559,0.4919161446272933
19,12,735.994,0.360523229380108
19,12,736.429,0.14845956776030714
19,12,736.864,0.391163980118343
19,12,737.734,1.1102410148867554
19,12,740.776,0.4587285795217909
19,12,741.21,0.5189196185430229
19,12,741.644,0.1682372344050598
19,12,742.078,0.6580236582425522
19,12,742.946,0.40282163561280204
19,12,744.246,-0.6368329443030915
19,12,745.546,0.6101214251015036
19,12,745.979,0.43210731514350104
19,12,747.278,0.7010794599844166
19,12,749.008,0.905622903179761
19,12,750.305,0.7805748030271403
19,12,751.169,-0.7311933761379683
19,12,751.601,0.5317203222360427
19,12,752.896,-0.6666077610971631
19,12,754.19,0.3226911228854232
19,12,754.621,-0.25797086365991095
19,12,755.914,0.6007638937536894
19,12,756.775,0.7804353085456536
19,12,757.636,0.5478184701282736
19,12,758.066,0.2945889240613195
19,12,758.497,0.3728694822385154
19,12,758.927,0.7892866920415677
19,12,759.787,0.37234797305564116
19,12,761.076,-0.5300506566512259
19,12,762.365,0.6811537706447508
19,12,763.223,1.0853874673831885
19,12,764.082,-0.42374161284614703
19,12,766.225,0.7008199399869884
19,12,767.938,-0.31463153183291337
19,12,768.795,-0.5129176039886412
19,12,769.222,0.4008030861413468
19,12,769.65,0.5809008235092935
19,12,771.36,0.6600721517274097
19,12,772.642,0.4184276181681769
19,12,773.496,-0.527862274710827
19,12,775.203,-0.43035410278622066
19,12,776.055,-0.34469885018785185
19,12,776.908,-0.46488454493284936
19,12,782.864,0.390122714629566
19,12,784.138,-0.31510922540099795
19,12,785.835,-0.5666003932166855
19,12,786.259,-0.652607295958338
19,12,788.802,0.25401446299251085
19,12,790.071,-0.546707151074625
19,12,795.143,0.3967672610278247
19,12,796.408,-0.3036383348102312
19,12,797.673,0.6076805659375777
19,12,798.516,0.45306385437193675
19,12,799.358,-0.45148954019693577
19,12,799.779,-0.2844381999616193
19,12,801.042,-0.14736879544358703
19,12,803.984,0.3741023829966542
19,12,806.084,0.3476116103019125
19,12,806.503,0.2752763548761165
19,12,808.599,-0.4299642313158322
19,12,812.367,0.3941686263473504
19,12,817.378,0.6617318420825792
19,12,817.795,0.24819358904410962
19,12,818.629,0.29317552394545127
19,12,819.462,-0.3838355660848474
19,12,826.116,-0.47973059255976147
19,12,833.987,0.3219329811225041
19,12,834.813,-0.16172213153045376
19,12,835.226,-0.18341046897303906
19,12,847.167,-0.3018191278411268
19,12,853.313,-0.2973932484860123
19,12,854.949,-0.6617289437018993
19,12,855.357,-0.28485783501167955
19,12,856.174,-0.4380744232209671
19,12,858.623,0.3249024464810077
19,12,862.29,-0.42744571984451263
19,12,865.138,-0.6598206048097046
19,12,871.629,-0.3506322671630146
19,12,876.886,-0.30667958648332716
19,12,894.968,-0.37379733642784685
19,12,895.368,-0.24724756295666228
19,12,900.955,-0.41165568658406776
19,12,901.752,-0.46331562702618045
19,12,904.936,0.22492244939210934
19,12,905.333,-0.3449815678978649
19,12,907.717,0.22810148458228263
19,12,911.682,0.22077388039726978
19,12,912.474,0.17751741654925393
19,12,918.009,0.07892876192414584
19,12,930.204,0.2970407684560893
19,12,936.075,0.25251223270827267
19,12,937.246,0.27352277040181905
19,12,939.588,0.4120318746095458
19,12,941.147,0.7766115411693678
19,12,941.537,0.8973870258316373
19,12,941.926,0.3547352798303573
19,12,942.315,0.6450190559323961
19,12,945.039,0.36637710867504936
19,12,945.428,0.6459533500550232
19,12,946.205,0.5110663992291963
19,12,946.593,0.4412517873996142
19,12,946.982,0.9048287261704404
19,12,947.37,0.5654881357338731
19,12,947.758,0.5565515059498948
19,12,948.146,0.49250639296429444
19,12,948.534,0.8042342589039665
19,12,949.698,0.8345331716398147
19,13,490.499,-0.35114229331422414
19,13,496.377,0.3475588304375841
19,13,498.821,-0.6227216885545193
19,13,499.31,-0.8700674158229528
19,13,500.287,-0.5174548609653606
19,13,500.775,0.9267626240414385
19,13,502.727,-0.5620376631904045
19,13,503.702,1.12951042874331
19,13,504.19,-1.1263504310900547
19,13,504.677,0.38187520502963174
19,13,505.164,1.3033634989216543
19,13,506.139,-0.47832665428698207
19,13,506.625,1.0570596697571628
19,13,508.572,0.2427036738014629
19,13,509.058,0.38902941724569756
19,13,509.545,-0.5982361917012908
19,13,620.836,0.29942029567433875
19,13,621.297,0.3415254533550686
19,13,624.982,0.35552582930181953
19,13,627.282,0.3031202284179736
19,13,627.742,0.34661960294007726
19,13,629.12,0.3918972024870723
19,13,633.249,0.3734289741912539
19,13,633.708,0.38760814973877766
19,13,646.499,-0.18109943648384386
19,13,657.399,0.41388205549944285
19,13,660.567,0.3762944241572549
19,13,661.471,0.2894264817305207
19,13,687.518,0.5175102017972244
19,13,688.856,0.5357508910953614
19,13,690.193,0.5058120341650095
19,13,690.638,0.4034075155074261
19,13,729.017,-0.35671844210507886
19,13,732.509,0.45891493234939634
19,13,733.38,-0.5945904436714863
19,13,735.559,0.5343590910361434
19,13,735.994,0.39649456348979567
19,13,736.864,0.428949772251329
19,13,737.734,1.167140034001015
19,13,741.21,0.5566183247729637
19,13,741.644,0.19364932365955378
19,13,742.078,0.6986939196429794
19,13,742.946,0.4329308307690671
19,13,744.246,-0.636934386379894
19,13,745.546,0.6400951680931478
19,13,745.979,0.4601294206813984
19,13,747.278,0.7358060181382999
19,13,749.008,0.9429354489828473
19,13,750.305,0.8134510739761134
19,13,751.169,-0.7470499216546658
19,13,751.601,0.5546400239071364
19,13,752.896,-0.6847042698024278
19,13,754.621,-0.2678323279723887
19,13,755.914,0.6219677144565048
19,13,756.775,0.8027158384511617
19,13,757.636,0.5649900646694153
19,13,758.066,0.30497571618209357
19,13,758.497,0.38289054190217797
19,13,758.927,0.8125174434350185
19,13,759.787,0.3823020374335326
19,13,762.365,0.6980843268423587
19,13,763.223,1.1163039146390066
19,13,764.082,-0.4456824067787123
19,13,766.225,0.7142659900882292
19,13,767.938,-0.3323069074545291
19,13,768.795,-0.5383968032114947
19,13,769.222,0.40538161003694007
19,13,769.65,0.5925069499297003
19,13,771.36,0.672628471091565
19,13,772.642,0.4235784374708998
19,13,773.496,-0.5536835565795277
19,13,775.203,-0.45455155319545687
19,13,776.055,-0.3675004617601995
19,13,776.908,-0.4902407510093194
19,13,782.864,0.391845436590714
19,13,784.138,-0.3372574158621665
19,13,785.835,-0.5985947541195942
19,13,786.259,-0.6854924866200033
19,13,790.071,-0.5775939591138507
19,13,795.143,0.3964321875986799
19,13,796.408,-0.32593287096864815
19,13,797.673,0.6145541406793447
19,13,798.516,0.4534496795265538
19,13,799.358,-0.48048768271115894
19,13,799.779,-0.3075478506068435
19,13,801.042,-0.16771955214098475
19,13,803.984,0.37298386063555256
19,13,806.084,0.3453409915541774
19,13,806.503,0.2701116553289106
19,13,808.599,-0.45834055589633704
19,13,812.367,0.3921474135694084
19,13,817.378,0.6694557239574648
19,13,817.795,0.24127373181331457
19,13,818.629,0.28903827964125745
19,13,819.462,-0.4113071466528787
19,13,826.116,-0.5107396863247954
19,13,833.987,0.31703432401850007
19,13,834.813,-0.18292035371264648
19,13,835.226,-0.2041144028535344
19,13,847.167,-0.32752061608177474
19,13,853.313,-0.32369282430510926
19,13,854.949,-0.6964094800349482
19,13,855.357,-0.3096388751128531
19,13,856.174,-0.4677062960759015
19,13,858.623,0.3205436404963439
19,13,862.29,-0.45668872596271387
19,13,865.138,-0.6971020586874875
19,13,871.629,-0.37820634034064976
19,13,894.968,-0.4017851281818855
19,13,895.368,-0.27164205865601987
19,13,900.955,-0.4403443206744773
19,13,901.752,-0.4931940565202027
19,13,904.936,0.2169205714368072
19,13,905.333,-0.37191480365495544
19,13,907.717,0.219875840787254
19,13,911.682,0.21298388850538066
19,13,912.474,0.16874256882469318
19,13,918.009,0.06613941736991634
19,13,930.204,0.2918901770736962
19,13,936.075,0.2473945769591688
19,13,939.588,0.4117375871896614
19,13,941.147,0.7873951864609546
19,13,941.537,0.9112092697814894
19,13,941.926,0.353164076228111
19,13,942.315,0.6529318246886592
19,13,945.039,0.3648384859145847
19,13,945.428,0.6527994226210032
19,13,946.205,0.5139637479439594
19,13,946.593,0.44255037604540626
19,13,946.982,0.920342003098647
19,13,947.37,0.5710036638142029
19,13,947.758,0.5596892160643714
19,13,948.146,0.49379936036178723
19,13,948.534,0.8182762417717184
19,13,949.698,0.8503612341960282
19,14,490.499,-0.37010045546417636
19,14,496.377,0.3561857992425033
19,14,498.821,-0.6485316842797454
19,14,499.31,-0.9012556958247403
19,14,500.287,-0.5353638477383832
19,14,500.775,0.9593590832712161
19,14,502.727,-0.5737492635844832
19,14,503.702,1.188911318101068
19,14,504.19,-1.1474340512283405
19,14,504.677,0.4176136512920338
19,14,505.164,1.3679266249515818
19,14,506.139,-0.4751924766209149
19,14,506.625,1.1203919385593435
19,14,508.572,0.26701910159704634
19,14,509.058,0.41445347406564426
19,14,509.545,-0.6070400275414454
19,14,620.836,0.3279763935737674
19,14,621.297,0.37149816129878394
19,14,627.282,0.33391886757881306
19,14,627.742,0.378664721168032
19,14,629.12,0.4270510364426017
19,14,633.249,0.408513746855761
19,14,646.499,-0.14444969762036858
19,14,657.399,0.46111428165827445
19,14,660.567,0.4135964565709142
19,14,661.471,0.32092511899671533
19,14,687.518,0.5273921020573004
19,14,688.856,0.5556552723124722
19,14,690.193,0.5295062184307131
19,14,690.638,0.42463532459132375
19,14,729.017,-0.398575981852958
19,14,732.509,0.4426928647967225
19,14,733.38,-0.6557468844112331
19,14,735.559,0.5140628713922736
19,14,735.994,0.37294379759950563
19,14,736.864,0.40469579045375853
19,14,737.734,1.175996589673107
19,14,741.21,0.534547880017506
19,14,741.644,0.15985613110627325
19,14,742.078,0.6863310542576823
19,14,742.946,0.41210444500457116
19,14,744.246,-0.705301202516495
19,14,745.546,0.6318632576078975
19,14,745.979,0.43974332863522436
19,14,747.278,0.7296808839106654
19,14,749.008,0.951137667557983
19,14,750.305,0.8100420569803893
19,14,751.169,-0.8123746059793265
19,14,751.601,0.5438413096173006
19,14,752.896,-0.7409910253639705
19,14,754.621,-0.30287499404262924
19,14,755.914,0.6180389201675478
19,14,756.775,0.8086018945272574
19,14,757.636,0.5590100321401481
19,14,758.066,0.2887997966699036
19,14,758.497,0.3750115486105946
19,14,758.927,0.8189116616519703
19,14,759.787,0.3714594589999928
19,14,762.365,0.7043471815304575
19,14,763.223,1.1416978078388285
19,14,764.082,-0.47532866801709706
19,14,766.225,0.7271752101454056
19,14,767.938,-0.36158963753826806
19,14,768.795,-0.5769586807373036
19,14,769.222,0.40567453080122323
19,14,769.65,0.5951266183023636
19,14,771.36,0.6841620205843094
19,14,772.642,0.4246403141165441
19,14,773.496,-0.5903625252316965
19,14,775.203,-0.4856108190025286
19,14,776.055,-0.39270164701826943
19,14,776.908,-0.5227215350424237
19,14,782.864,0.3953639410186812
19,14,784.138,-0.360379249530899
19,14,785.835,-0.6288016420303802
19,14,786.259,-0.7214304976693984
19,14,790.071,-0.6060550079446233
19,14,795.143,0.40605772660928136
19,14,797.673,0.6324638245028227
19,14,798.516,0.4668648959100412
19,14,799.358,-0.5022674681698032
19,14,801.042,-0.17645304496575867
19,14,803.984,0.3811904751258676
19,14,806.084,0.3528883578756433
19,14,808.599,-0.47873197393847805
19,14,817.378,0.6897781801975859
19,14,817.795,0.251044136126831
19,14,818.629,0.29603292808540627
19,14,819.462,-0.428185930149214
19,14,826.116,-0.528840210000097
19,14,833.987,0.33081946814093677
19,14,834.813,-0.18824654057122064
19,14,835.226,-0.2113032510990704
19,14,847.167,-0.33709498357335693
19,14,853.313,-0.33259081258808604
19,14,854.949,-0.721862454895752
19,14,855.357,-0.31686055277754815
19,14,856.174,-0.48277357710824353
19,14,858.623,0.33529826948449554
19,14,862.29,-0.47082154254376923
19,14,865.138,-0.7199917566465064
19,14,871.629,-0.3893438330643738
19,14,894.968,-0.41101945037862647
19,14,895.368,-0.2755944456365852
19,14,900.955,-0.4514511268736156
19,14,901.752,-0.5056219297179629
19,14,904.936,0.23070978861681748
19,14,905.333,-0.3780462202522227
19,14,911.682,0.22641384496657757
19,14,918.009,0.07360756166516462
19,14,930.204,0.3087178799786875
19,14,936.075,0.25994062078048574
19,14,939.588,0.43033803739769316
19,14,941.147,0.8220887061023342
19,14,941.537,0.9500372299817686
19,14,941.926,0.37113027711354923
19,14,942.315,0.6796069645057489
19,14,945.428,0.6820763181604205
19,14,946.205,0.5371942270757625
19,14,946.593,0.45957922228135656
19,14,946.982,0.9611957571958425
19,14,947.37,0.5925898345417677
19,14,947.758,0.5844004025317893
19,14,948.146,0.5160110606188388
19,14,948.534,0.8498365231378703
19,14,949.698,0.8843103971075645
19,15,490.499,-0.38706922506921204
19,15,496.377,0.338793797156501
19,15,498.821,-0.6668911386408065
19,15,499.31,-0.9224395943812257
19,15,500.287,-0.5572113470210077
19,15,500.775,0.9327818566530673
19,15,502.727,-0.606559032888626
19,15,503.702,1.1736224339592887
19,15,504.19,-1.1501270297854427
19,15,504.677,0.3816992840360437
19,15,505.164,1.3482162136046536
19,15,506.139,-0.5013016109806977
19,15,506.625,1.121615260664697
19,15,508.572,0.24983572843441237
19,15,509.058,0.41063065040774555
19,15,509.545,-0.6122291542364652
19,15,620.836,0.33574070920316607
19,15,621.297,0.37975026229316083
19,15,627.282,0.34057066828694477
19,15,627.742,0.3873965367799492
19,15,629.12,0.4359265833299089
19,15,633.249,0.4187403635033326
19,15,646.499,-0.1274771037804053
19,15,657.399,0.4868286007100232
19,15,660.567,0.4359610261284487
19,15,661.471,0.3395380459562882
19,15,687.518,0.6309031677421493
19,15,688.856,0.6631443379514416
19,15,690.193,0.6100347758035793
19,15,729.017,-0.4097676122757202
19,15,732.509,0.4340049420517199
19,15,733.38,-0.6679659376800459
19,15,735.559,0.5101200723878675
19,15,736.864,0.39360893239991374
19,15,737.734,1.1746505362236999
19,15,741.21,0.5368767709483648
19,15,741.644,0.14248598766511125
19,15,742.078,0.6843304849006796
19,15,742.946,0.40189188692169125
19,15,744.246,-0.7140716686740477
19,15,745.546,0.6454064483452073
19,15,745.979,0.4436128999965589
19,15,747.278,0.7377585181311697
19,15,749.008,0.9550651484472599
19,15,750.305,0.8169125733430259
19,15,751.169,-0.814741503780704
19,15,751.601,0.5593509991802045
19,15,752.896,-0.7343580960505771
19,15,754.621,-0.3036862485509785
19,15,755.914,0.6181974792328212
19,15,756.775,0.810184897604791
19,15,757.636,0.5662533672303569
19,15,758.066,0.2996269889848786
19,15,758.497,0.3776960060528998
19,15,758.927,0.8112051252271825
19,15,759.787,0.3687721047952068
19,15,762.365,0.7081694977691472
19,15,763.223,1.1543394120977206
19,15,764.082,-0.47475410400270995
19,15,766.225,0.7323355487830747
19,15,768.795,-0.5766751619267347
19,15,769.222,0.4011491047177087
19,15,769.65,0.5959611726842436
19,15,771.36,0.6804740046319083
19,15,772.642,0.43002134604092257
19,15,773.496,-0.5954300522870508
19,15,775.203,-0.49105421031726393
19,15,776.055,-0.3904905734534858
19,15,776.908,-0.5239091418923818
19,15,782.864,0.3983603918827653
19,15,784.138,-0.37173196648333384
19,15,785.835,-0.6358433805903868
19,15,786.259,-0.7329504425041392
19,15,790.071,-0.603961857484766
19,15,795.143,0.4015290380171291
19,15,797.673,0.6332957056156326
19,15,798.516,0.4649761880325637
19,15,799.358,-0.507263688735133
19,15,801.042,-0.1830152485552499
19,15,803.984,0.3799873856949786
19,15,806.084,0.3482838992974191
19,15,808.599,-0.4848278128629537
19,15,817.378,0.6832955147605733
19,15,817.795,0.24800008233363194
19,15,818.629,0.2882815418382161
19,15,819.462,-0.4354292265822332
19,15,826.116,-0.5387947115564451
19,15,833.987,0.328387168989791
19,15,834.813,-0.18590209091570947
19,15,835.226,-0.21287838755588429
19,15,847.167,-0.3444186719651194
19,15,853.313,-0.335554626625778
19,15,854.949,-0.7306492520315342
19,15,855.357,-0.3247067970092601
19,15,856.174,-0.48998512921386256
19,15,858.623,0.32844154752430926
19,15,862.29,-0.476051011587813
19,15,865.138,-0.7299816963284773
19,15,871.629,-0.3993327486419561
19,15,894.968,-0.4226180708081266
19,15,895.368,-0.2840848222850655
19,15,900.955,-0.4620103589361755
19,15,901.752,-0.5164077807922497
19,15,904.936,0.21709754021156813
19,15,905.333,-0.3882721195213363
19,15,911.682,0.21605952500450512
19,15,918.009,0.06338803917634137
19,15,930.204,0.2931930470582598
19,15,936.075,0.24449740518559634
19,15,939.588,0.41203348003444057
19,15,941.147,0.8075710059995178
19,15,941.537,0.9401537034241932
19,15,941.926,0.34999221213787945
19,15,942.315,0.6630436125465817
19,15,945.428,0.6611885206195481
19,15,946.205,0.5219628761356444
19,15,946.593,0.44414658249258315
19,15,946.982,0.9480963568468271
19,15,947.37,0.5775398913435703
19,15,947.758,0.568641360881199
19,15,948.146,0.5020506692278404
19,15,948.534,0.8370786186696175
19,15,949.698,0.8720441575617149
19,16,490.499,-0.3873218760099225
19,16,496.377,0.3581278814346206
19,16,498.821,-0.674710919643897
19,16,499.31,-0.9390208883222877
19,16,500.287,-0.5632001076778294
19,16,500.775,0.9625415230473541
19,16,502.727,-0.6221962040269539
19,16,503.702,1.1951495235857994
19,16,504.19,-1.1996083936493704
19,16,504.677,0.37520515003315436
19,16,505.164,1.3605451275207447
19,16,506.139,-0.5308922091159
19,16,506.625,1.124547136790959
19,16,508.572,0.2399195703179213
19,16,509.058,0.40141474518440057
19,16,509.545,-0.6446768138491978
19,16,620.836,0.33090438626569035
19,16,621.297,0.3761950475635786
19,16,627.282,0.3357251389990066
19,16,627.742,0.3831651929180697
19,16,629.12,0.43353109935308093
19,16,633.249,0.41564847249147985
19,16,657.399,0.4881665629491867
19,16,660.567,0.44082020944102945
19,16,661.471,0.3437061791369535
19,16,687.518,0.6324299149386082
19,16,688.856,0.6593035247434472
19,16,690.193,0.6053903779160718
19,16,729.017,-0.4155071185851006
19,16,733.38,-0.6778667533321464
19,16,735.559,0.5306051265431263
19,16,736.864,0.41578498253806684
19,16,737.734,1.213789157484675
19,16,741.21,0.5649401824741392
19,16,741.644,0.16517509867465993
19,16,742.078,0.7193196691193814
19,16,742.946,0.43078554037226463
19,16,744.246,-0.7118731073520091
19,16,745.546,0.6785178070245383
19,16,745.979,0.47103712073164744
19,16,747.278,0.7781896847653796
19,16,749.008,0.9939370108199904
19,16,750.305,0.862230611457774
19,16,751.169,-0.8111178690764309
19,16,751.601,0.595944683626608
19,16,752.896,-0.731460694013751
19,16,754.621,-0.28467504701546364
19,16,755.914,0.6569121501456343
19,16,756.775,0.8545048511499983
19,16,757.636,0.6034244505384653
19,16,758.497,0.41253788025625027
19,16,758.927,0.8564761067419447
19,16,759.787,0.4068212729942772
19,16,762.365,0.7520116970072154
19,16,763.223,1.2051083984731676
19,16,764.082,-0.4635750578140286
19,16,766.225,0.7751424039922616
19,16,768.795,-0.5662847786007102
19,16,769.222,0.43641133876935967
19,16,769.65,0.637527095220064
19,16,771.36,0.7219382864939827
19,16,773.496,-0.586747780423818
19,16,775.203,-0.4784381618312963
19,16,776.055,-0.3770896737672721
19,16,776.908,-0.5129887901983421
19,16,782.864,0.43213668624244633
19,16,784.138,-0.3565842639790578
19,16,785.835,-0.6276989757089707
19,16,786.259,-0.727614347258855
19,16,790.071,-0.5959407930932547
19,16,795.143,0.4331774520137743
19,16,797.673,0.6705445616585897
19,16,798.516,0.49983784685011945
19,16,799.358,-0.49807124802271924
19,16,801.042,-0.16354291912373906
19,16,803.984,0.4121812718164132
19,16,806.084,0.37886378066224047
19,16,808.599,-0.4744277127155124
19,16,817.378,0.724510385979227
19,16,818.629,0.3188100084823293
19,16,819.462,-0.42354768318065705
19,16,826.116,-0.5331434382023577
19,16,833.987,0.3561087210492461
19,16,834.813,-0.17227482104590494
19,16,835.226,-0.19981572813623882
19,16,847.167,-0.33375915757147484
19,16,853.313,-0.3261310135051224
19,16,854.949,-0.7310474222615576
19,16,855.357,-0.3152441109440855
19,16,856.174,-0.4843644992276668
19,16,858.623,0.35536318564490343
19,16,862.29,-0.46843579716451267
19,16,865.138,-0.7310678442064658
19,16,871.629,-0.3905221346680823
19,16,894.968,-0.416033948133132
19,16,895.368,-0.27485585277559615
19,16,900.955,-0.4574018147817292
19,16,901.752,-0.5135935569564117
19,16,904.936,0.24067167991029534
19,16,905.333,-0.38195587553630994
19,16,911.682,0.23876291178942247
19,16,918.009,0.08256383762256964
19,16,930.204,0.31912455255263134
19,16,936.075,0.2706826184408371
19,16,939.588,0.442414204330102
19,16,941.147,0.8480890609963005
19,16,941.926,0.3764693851258053
19,16,942.315,0.6967680362708388
19,16,945.428,0.6967963284358313
19,16,946.205,0.5534142530196184
19,16,946.593,0.4766108383280415
19,16,946.982,0.9911573601271577
19,16,947.37,0.614003985507938
19,16,947.758,0.603710824989844
19,16,948.146,0.5343372288123484
19,16,948.534,0.8784128649508107
19,16,949.698,0.9138667708437723
19,17,490.499,-0.40962916652939696
19,17,496.377,0.3776734159917705
19,17,498.821,-0.6985332027819301
19,17,499.31,-0.9687628626175278
19,17,500.287,-0.5804756902652538
19,17,500.775,1.011524604373511
19,17,502.727,-0.6417528536922745
19,17,503.702,1.2562609375832892
19,17,504.19,-1.2169571652109668
19,17,504.677,0.38899581139230155
19,17,505.164,1.4220199644126479
19,17,506.139,-0.549157117744825
19,17,506.625,1.1894365015006725
19,17,508.572,0.23891281660106298
19,17,509.058,0.413196679938246
19,17,509.545,-0.674807561979004
19,17,621.297,0.40825034268188515
19,17,627.282,0.3675847333454565
19,17,627.742,0.41827478801056084
19,17,629.12,0.47169395380198303
19,17,633.249,0.4548328486292901
19,17,657.399,0.5762860459251937
19,17,660.567,0.5147366334113205
19,17,687.518,0.6905483396627513
19,17,688.856,0.7217343852778956
19,17,690.193,0.6569309452674935
19,17,729.017,-0.4649212702412316
19,17,733.38,-0.7443221719015545
19,17,735.559,0.5288090838864612
19,17,736.864,0.4015424267004204
19,17,737.734,1.252861295975377
19,17,741.644,0.1420464960825709
19,17,742.078,0.7376947963014644
19,17,742.946,0.4335516585303631
19,17,744.246,-0.7700098563669978
19,17,745.546,0.7180790826476773
19,17,745.979,0.48862826251351893
19,17,747.278,0.8131857110165028
19,17,749.008,1.0467368799444146
19,17,750.305,0.9003604764330857
19,17,751.169,-0.8547991470842999
19,17,751.601,0.6290680348115981
19,17,752.896,-0.7566100414931803
19,17,754.621,-0.2904982633057193
19,17,755.914,0.6898037623309069
19,17,756.775,0.89984416937714
19,17,757.636,0.63896488467472
19,17,758.497,0.4394177635601886
19,17,758.927,0.8942047911795796
19,17,759.787,0.42636522574840663
19,17,762.365,0.7964707313564717
19,17,763.223,1.2795303811692376
19,17,764.082,-0.4683155780852482
19,17,766.225,0.829026184652893
19,17,768.795,-0.5822990915637059
19,17,769.222,0.46317037417419127
19,17,769.65,0.6711549914838203
19,17,771.36,0.7637206484940879
19,17,773.496,-0.6064367997998384
19,17,775.203,-0.49300503423536524
19,17,776.055,-0.37992718786689933
19,17,776.908,-0.5268563792956005
19,17,782.864,0.4643954042526504
19,17,785.835,-0.643240685453907
19,17,786.259,-0.7574336727833595
19,17,790.071,-0.6091734263074635
19,17,795.143,0.4650681964836384
19,17,797.673,0.7153913864420106
19,17,798.516,0.5365972359222674
19,17,799.358,-0.5067506142755042
19,17,801.042,-0.15757845025188072
19,17,806.084,0.40593492811853216
19,17,808.599,-0.48442560332216417
19,17,817.378,0.7624845979604689
19,17,818.629,0.341401228528385
19,17,819.462,-0.43224915391507135
19,17,826.116,-0.5434635861463465
19,17,834.813,-0.15762748931934648
19,17,835.226,-0.19342741293105292
19,17,847.167,-0.33602549461336895
19,17,853.313,-0.3218923505089786
19,17,854.949,-0.7556663255886513
19,17,855.357,-0.3150492310699756
19,17,856.174,-0.4924467975820526
19,17,862.29,-0.47511012420263443
19,17,871.629,-0.39823310667447476
19,17,894.968,-0.4243029570717979
19,17,895.368,-0.27401875073654186
19,17,900.955,-0.46779946119799426
19,17,901.752,-0.525102665948025
19,17,904.936,0.2587022337927952
19,17,905.333,-0.38571678154233996
19,17,911.682,0.2575990362129131
19,17,918.009,0.0951056592476143
19,17,930.204,0.3369763611172658
19,17,936.075,0.28366845256330864
19,17,939.588,0.45961876412320596
19,17,941.147,0.8880706530475008
19,17,941.926,0.3928678794642761
19,17,942.315,0.7285843532966074
19,17,945.428,0.7270552608393324
19,17,946.593,0.49331090145053447
19,17,946.982,1.0391691993484302
19,17,947.37,0.6368379847551937
19,17,947.758,0.6305148294899459
19,17,948.146,0.5617587556430722
19,17,948.534,0.9136881460259393
19,17,949.698,0.9524905270929538
19,18,490.499,-0.4167471986778926
19,18,496.377,0.3790343910368766
19,18,498.821,-0.7132521417921797
19,18,499.31,-0.9886506800324192
19,18,500.287,-0.5964880241038701
19,18,500.775,1.0190606062491834
19,18,502.727,-0.6548981676554451
19,18,503.702,1.267344259512095
19,18,504.19,-1.2403321413841215
19,18,504.677,0.3904452395158634
19,18,505.164,1.4393813223883776
19,18,506.139,-0.5563000578092611
19,18,506.625,1.2053573140217793
19,18,508.572,0.24649679992904253
19,18,509.058,0.42184952792907426
19,18,509.545,-0.6814291218080367
19,18,621.297,0.41581282200011666
19,18,627.282,0.3746323459571557
19,18,627.742,0.4259473188328652
19,18,629.12,0.4800682085006148
19,18,633.249,0.4629827285807237
19,18,657.399,0.5763369373482141
19,18,660.567,0.5142602717894413
19,18,687.518,0.6880196529255004
19,18,688.856,0.7208337983889536
19,18,690.193,0.6596140512496819
19,18,729.017,-0.4671516123416856
19,18,733.38,-0.7554816208069198
19,18,735.559,0.5327312660422909
19,18,736.864,0.40345027796032357
19,18,737.734,1.2637296041857282
19,18,741.644,0.13467931224082752
19,18,742.078,0.7356654156989677
19,18,742.946,0.42597390217060144
19,18,744.246,-0.7944373968247538
19,18,745.546,0.7101316556235344
19,18,745.979,0.4782835794946766
19,18,747.278,0.8081267871042821
19,18,749.008,1.0419970381724177
19,18,750.305,0.8941908200535003
19,18,751.601,0.6177895831665499
19,18,752.896,-0.7891595761810073
19,18,754.621,-0.3143665300593709
19,18,755.914,0.6816225598137589
19,18,756.775,0.894111402032682
19,18,757.636,0.6288609238217046
19,18,758.497,0.42668698842065417
19,18,758.927,0.8897423500230499
19,18,762.365,0.7895141708074441
19,18,763.223,1.2797468917362853
19,18,764.082,-0.49292346572256274
19,18,766.225,0.8234980342966962
19,18,768.795,-0.6068656698244131
19,18,769.222,0.45392576301092485
19,18,769.65,0.6650091769998364
19,18,771.36,0.7594749589276815
19,18,773.496,-0.6294759316769366
19,18,775.203,-0.5133478726797162
19,18,776.055,-0.3997447203767826
19,18,776.908,-0.5482477011246285
19,18,782.864,0.45823851827373635
19,18,785.835,-0.6647550930908638
19,18,786.259,-0.7795865597418019
19,18,790.071,-0.629352386769561
19,18,795.143,0.4612513900503641
19,18,797.673,0.7145395779255762
19,18,798.516,0.5343644853455806
19,18,799.358,-0.5241691728867504
19,18,801.042,-0.1697816495518472
19,18,806.084,0.4027840996439644
19,18,808.599,-0.5002412102486448
19,18,817.378,0.7660488481381366
19,18,818.629,0.3388533363149911
19,18,819.462,-0.4463467335350628
19,18,826.116,-0.5585880812115525
19,18,834.813,-0.1675991452029168
19,18,835.226,-0.20391122510844759
19,18,847.167,-0.34715019956367343
19,18,853.313,-0.332903274700747
19,18,854.949,-0.7714955970337537
19,18,856.174,-0.5048782520398765
19,18,862.29,-0.48776009431437234
19,18,871.629,-0.40846456018306915
19,18,895.368,-0.2819584140583682
19,18,900.955,-0.478195190755534
19,18,901.752,-0.5358126622941725
19,18,904.936,0.2597834036844084
19,18,905.333,-0.39514815225027533
19,18,930.204,0.33960405655379233
19,18,936.075,0.2858402639115577
19,18,939.588,0.46452486535661913
19,18,941.147,0.8984852050707989
19,18,941.926,0.39696598164916574
19,18,942.315,0.7373164569032429
19,18,945.428,0.7363413301764472
19,18,946.593,0.49903446320633466
19,18,946.982,1.0516322023179887
19,18,947.37,0.6450873607333796
19,18,947.758,0.6371397541030076
19,18,948.146,0.5680298897486413
19,18,948.534,0.9258124879870522
19,18,949.698,0.9645818339541242
19,19,490.499,-0.438854322575215
19,19,498.821,-0.7343498747417717
19,19,499.31,-1.0202397323186931
19,19,500.287,-0.5994356222198617
19,19,500.775,1.0963644427827453
19,19,502.727,-0.6290179867314093
19,19,503.702,1.3889363117928082
19,19,504.19,-1.2250858761640144
19,19,504.677,0.47969296217608076
19,19,505.164,1.5804728628558176
19,19,506.139,-0.5070206261691342
19,19,506.625,1.32519021504457
19,19,509.058,0.49056238850509065
19,19,509.545,-0.6704254995571425
19,19,621.297,0.45511913610991206
19,19,627.282,0.41266559646335155
19,19,629.12,0.5219766685067048
19,19,633.249,0.5040530356299622
19,19,657.399,0.6033949483448798
19,19,660.567,0.5313576913774214
19,19,687.518,0.6694977502700725
19,19,688.856,0.7120455912481366
19,19,690.193,0.6690209816568209
19,19,729.017,-0.46246822992668624
19,19,733.38,-0.7669863973056069
19,19,735.559,0.5816291449358812
19,19,736.864,0.4436764659759017
19,19,737.734,1.3455659929230652
19,19,741.644,0.15771529425509928
19,19,742.078,0.7820191121507002
19,19,742.946,0.4552748392551918
19,19,744.246,-0.8222716302989607
19,19,745.546,0.7478375127225525
19,19,745.979,0.5040614190813472
19,19,747.278,0.8458081232230221
19,19,749.008,1.078755754441146
19,19,750.305,0.927222648490185
19,19,751.601,0.634682521471843
19,19,752.896,-0.8420914763253033
19,19,754.621,-0.33938348008121316
19,19,755.914,0.6899836072231922
19,19,756.775,0.9163685541968574
19,19,757.636,0.632512895739185
19,19,758.497,0.4191377811263259
19,19,758.927,0.9092494937747861
19,19,762.365,0.7991645916437075
19,19,763.223,1.3025929037021393
19,19,766.225,0.8299373177295601
19,19,768.795,-0.663848552614529
19,19,769.222,0.43798553718693195
19,19,771.36,0.758218331241313
19,19,773.496,-0.695544979338203
19,19,775.203,-0.5713451784304139
19,19,776.055,-0.4519790683956766
19,19,776.908,-0.6101095556659054
19,19,782.864,0.4393483970580662
19,19,785.835,-0.7312313333375798
19,19,786.259,-0.8539892619533933
19,19,790.071,-0.695328733747335
19,19,795.143,0.44198633084832534
19,19,797.673,0.7058773345002648
19,19,798.516,0.5182929479758732
19,19,799.358,-0.5858773331407042
19,19,801.042,-0.21549418964559175
19,19,806.084,0.37960015704756156
19,19,808.599,-0.5626293761290323
19,19,817.378,0.7617079029954292
19,19,818.629,0.3128652027281749
19,19,826.116,-0.6245174810435686
19,19,835.226,-0.25408479950154156
19,19,847.167,-0.4011227578870711
19,19,853.313,-0.3861096095745522
19,19,854.949,-0.8455679904582746
19,19,856.174,-0.5668954233877188
19,19,862.29,-0.5476824209385714
19,19,871.629,-0.46292373775871987
19,19,900.955,-0.5349312636671566
19,19,904.936,0.2393469254539724
19,19,905.333,-0.44794407986300905
19,19,930.204,0.31958443333570535
19,19,936.075,0.2633549891930975
19,19,939.588,0.4532604767187003
19,19,941.147,0.9070207511531504
19,19,941.926,0.3818215402776073
19,19,942.315,0.7348138772656226
19,19,945.428,0.7368075669345763
19,19,946.593,0.48529446660297887
19,19,946.982,1.0666119972545423
19,19,947.37,0.6413372525853358
19,19,947.758,0.6321614968325863
19,19,948.146,0.5605086238465762
19,19,948.534,0.9337345281708527
19,19,949.698,0.9715565278517989
19,20,490.499,-0.46594548245289064
19,20,498.821,-0.7827847927064608
19,20,499.31,-1.0916672848878959
19,20,500.287,-0.638397321351445
19,20,500.775,1.1657140280861322
19,20,502.727,-0.6541305298218743
19,20,503.702,1.4737917120735309
19,20,504.19,-1.2982342561834468
19,20,504.677,0.5028788746710053
19,20,505.164,1.6681937447258324
19,20,506.139,-0.5406841057114817
19,20,506.625,1.4002850477494062
19,20,627.282,0.4477453687590432
19,20,629.12,0.5632878794754252
19,20,633.249,0.5435661616251716
19,20,657.399,0.6345787495657182
19,20,660.567,0.5603762196769829
19,20,687.518,0.6588544310231004
19,20,688.856,0.704202694869533
19,20,690.193,0.6758338091254851
19,20,729.017,-0.47801331019228527
19,20,733.38,-0.8110678931297869
19,20,735.559,0.6158238175135159
19,20,736.864,0.4716292330456552
19,20,737.734,1.4263790979346926
19,20,741.644,0.1630601711854463
19,20,742.078,0.8075725293804383
19,20,742.946,0.4635475604088305
19,20,744.246,-0.8938568075548035
19,20,745.546,0.7557182856993404
19,20,745.979,0.49923308719107684
19,20,747.278,0.8664746269075929
19,20,749.008,1.1064364259732058
19,20,750.305,0.9451168560712812
19,20,751.601,0.6288840834531189
19,20,752.896,-0.9423096290129643
19,20,754.621,-0.40213027804824747
19,20,755.914,0.6904254747578652
19,20,756.775,0.9333857539108878
19,20,757.636,0.6275090145824672
19,20,758.497,0.4023282341447863
19,20,758.927,0.9320944649880912
19,20,762.365,0.8098723560672226
19,20,763.223,1.3366678683018898
19,20,766.225,0.8433618092574565
19,20,768.795,-0.7432728653701858
19,20,769.222,0.4305717031860256
19,20,771.36,0.7704093473269774
19,20,773.496,-0.7733215257370708
19,20,775.203,-0.6397466753481644
19,20,776.055,-0.5158270139443256
19,20,776.908,-0.6848073026270023
19,20,782.864,0.43383887582910546
19,20,785.835,-0.8044140686295014
19,20,786.259,-0.9339362912679973
19,20,790.071,-0.7671218839281736
19,20,795.143,0.4447049388373268
19,20,797.673,0.7264846113707204
19,20,798.516,0.5268206819226029
19,20,799.358,-0.6487444084443085
19,20,806.084,0.3832790695807569
19,20,808.599,-0.6207537082261939
19,20,817.378,0.7983622682139712
19,20,818.629,0.31873757796354657
19,20,826.116,-0.6809812326482365
19,20,835.226,-0.2864837655654277
19,20,853.313,-0.4219399890652107
19,20,854.949,-0.9087425320048039
19,20,856.174,-0.6132119852092595
19,20,862.29,-0.5933535465452537
19,20,871.629,-0.5007571209256008
19,20,900.955,-0.5748403543791502
19,20,904.936,0.2564471468756293
19,20,905.333,-0.4817049457976784
19,20,939.588,0.48576706382210205
19,20,941.147,0.9666591202647509
19,20,941.926,0.4116146304486325
19,20,942.315,0.7794209468342091
19,20,945.428,0.7865854715715751
19,20,946.593,0.5195867812831668
19,20,946.982,1.1380902724014548
19,20,947.37,0.6874246423066775
19,20,947.758,0.6725464167972481
19,20,948.146,0.5979290859406293
19,20,948.534,0.9954479702389293
19,20,949.698,1.0335495038388807
19,21,490.499,-0.4631892596386701
19,21,498.821,-0.7777790440870632
19,21,499.31,-1.0871568523755935
19,21,500.287,-0.6349218940489263
19,21,500.775,1.1754427113289911
19,21,502.727,-0.6587258716300346
19,21,503.702,1.4792076659489541
19,21,504.19,-1.3017751425057742
19,21,504.677,0.4934553371151982
19,21,505.164,1.6637848188244397
19,21,506.139,-0.555323389605978
19,21,506.625,1.390628963021584
19,21,627.282,0.44142639513562154
19,21,629.12,0.5578856998877411
19,21,633.249,0.5379318670748365
19,21,657.399,0.6430464860295476
19,21,660.567,0.5699050781390205
19,21,687.518,0.669828849065891
19,21,688.856,0.7107322777887541
19,21,690.193,0.676544154084252
19,21,729.017,-0.4971038602670834
19,21,733.38,-0.8282674539109676
19,21,735.559,0.6071130566695836
19,21,736.864,0.46214888800348786
19,21,737.734,1.4222287441738335
19,21,741.644,0.15867987752961843
19,21,742.078,0.8067617838072539
19,21,742.946,0.465162394470024
19,21,744.246,-0.896165946587617
19,21,745.546,0.7634376260244481
19,21,745.979,0.5076277178319545
19,21,747.278,0.8765246024445801
19,21,749.008,1.123339122677066
19,21,750.305,0.9595851414620362
19,21,751.601,0.645068898202658
19,21,752.896,-0.9267035556192224
19,21,754.621,-0.38888694720531036
19,21,755.914,0.7119988665837761
19,21,756.775,0.9552331815120465
19,21,757.636,0.6514738261593879
19,21,758.497,0.4235332647074083
19,21,758.927,0.9551729438161994
19,21,762.365,0.8348029820496311
19,21,763.223,1.365905050484852
19,21,766.225,0.8705627097676707
19,21,768.795,-0.7222685263245439
19,21,769.222,0.45631005435829936
19,21,771.36,0.7966837366644077
19,21,773.496,-0.7507919980459093
19,21,775.203,-0.6174484957177214
19,21,776.055,-0.4937329738488101
19,21,776.908,-0.6617393441521796
19,21,782.864,0.4615659025062799
19,21,785.835,-0.7830356151191087
19,21,786.259,-0.9124742982773137
19,21,790.071,-0.746702475204977
19,21,795.143,0.4707209132809587
19,21,798.516,0.5520468339131287
19,21,799.358,-0.6277689119316536
19,21,806.084,0.40836121687936355
19,21,808.599,-0.6006341902654037
19,21,817.378,0.8235996161772026
19,21,826.116,-0.6612238912696182
19,21,835.226,-0.26598274929007165
19,21,853.313,-0.40416974664734356
19,21,854.949,-0.8930991376623911
19,21,856.174,-0.5961038425797136
19,21,862.29,-0.577332908697015
19,21,871.629,-0.4853111043425362
19,21,900.955,-0.5609118391714575
19,21,904.936,0.27185225340743974
19,21,905.333,-0.4680926605904106
19,21,939.588,0.4977736788762312
19,21,941.147,0.9811705107558111
19,21,941.926,0.42378691092071025
19,21,942.315,0.7943557813254416
19,21,945.428,0.7987570963567792
19,21,946.593,0.532035356460884
19,21,946.982,1.15296302338796
19,21,947.37,0.699160587746717
19,21,947.758,0.6837168362197769
19,21,948.146,0.6105260699039762
19,21,948.534,1.008767255507431
19,21,949.698,1.0484140945353455
19,22,498.821,-0.870885484770229
19,22,499.31,-1.2039344834932815
19,22,500.287,-0.7307275129387883
19,22,500.775,1.1721188473926167
19,22,502.727,-0.7340245320438626
19,22,503.702,1.5240870132633833
19,22,504.19,-1.3555679887419096
19,22,504.677,0.5014335403998882
19,22,505.164,1.7397580165823325
19,22,506.139,-0.582915331594664
19,22,506.625,1.4946462881958598
19,22,627.282,0.5088704159375584
19,22,633.249,0.6141838421973007
19,22,657.399,0.7023479970536674
19,22,660.567,0.6101093258283928
19,22,687.518,0.7156687289971174
19,22,688.856,0.7818128946303499
19,22,690.193,0.7567207072043663
19,22,729.017,-0.4975519821114404
19,22,733.38,-0.860731983183469
19,22,736.864,0.4871869110475273
19,22,737.734,1.5056194474724818
19,22,741.644,0.1394959765029861
19,22,742.078,0.8341128834754912
19,22,742.946,0.4620866394297736
19,22,744.246,-0.982564467190569
19,22,745.546,0.7911143379269997
19,22,745.979,0.5053971453738924
19,22,747.278,0.8926428082898888
19,22,749.008,1.1478987942188814
19,22,750.305,0.9679308073898337
19,22,751.601,0.6391037885056268
19,22,752.896,-1.0308263032964742
19,22,754.621,-0.4633962687138129
19,22,755.914,0.6889797341549817
19,22,756.775,0.9521834528574549
19,22,757.636,0.6268835484276643
19,22,758.927,0.9368714519721326
19,22,762.365,0.82108877665801
19,22,763.223,1.3847940583288274
19,22,766.225,0.8575668841457943
19,22,768.795,-0.8255090755118537
19,22,769.222,0.41016250791546915
19,22,771.36,0.7743915331084226
19,22,776.055,-0.5792644534357945
19,22,776.908,-0.7641818022872818
19,22,782.864,0.4258659091121863
19,22,785.835,-0.8886386686986236
19,22,786.259,-1.0319502195810262
19,22,790.071,-0.8422182128082325
19,22,795.143,0.4330239583541485
19,22,798.516,0.5241296122653344
19,22,799.358,-0.7175010598639259
19,22,808.599,-0.6929437887922808
19,22,817.378,0.8036007006453093
19,22,826.116,-0.7557168575057184
19,22,835.226,-0.3321326429302882
19,22,853.313,-0.4740894986521746
19,22,854.949,-0.9959219682330476
19,22,856.174,-0.6819985576182285
19,22,862.29,-0.6558287541371695
19,22,871.629,-0.5625613894942972
19,22,900.955,-0.63911014485017
19,22,904.936,0.23678255256639338
19,22,905.333,-0.537406840415729
19,22,939.588,0.4725919437551394
19,22,941.147,0.9855786215214164
19,22,941.926,0.3925352831851391
19,22,942.315,0.7791110804086767
19,22,945.428,0.7876779824372305
19,22,946.593,0.5065628925651708
19,22,946.982,1.167248810315973
19,22,947.37,0.6816322055898656
19,22,947.758,0.668037319226383
19,22,948.146,0.5924614952104187
19,22,948.534,1.0106906107804088
19,22,949.698,1.0520323577421875
19,23,498.821,-0.870885484770229
19,23,499.31,-1.2039344834932815
19,23,500.287,-0.7307275129387883
19,23,500.775,1.1721188473926167
19,23,502.727,-0.7340245320438626
19,23,503.702,1.5240870132633833
19,23,504.19,-1.3555679887419096
19,23,504.677,0.5014335403998882
19,23,505.164,1.7397580165823325
19,23,506.139,-0.582915331594664
19,23,506.625,1.4946462881958598
19,23,627.282,0.5088704159375584
19,23,633.249,0.6141838421973007
19,23,657.399,0.7023479970536674
19,23,660.567,0.6101093258283928
19,23,687.518,0.7156687289971174
19,23,688.856,0.7818128946303499
19,23,690.193,0.7567207072043663
19,23,729.017,-0.4975519821114404
19,23,733.38,-0.860731983183469
19,23,736.864,0.4871869110475273
19,23,737.734,1.5056194474724818
19,23,741.644,0.1394959765029861
19,23,742.078,0.8341128834754912
19,23,742.946,0.4620866394297736
19,23,744.246,-0.982564467190569
19,23,745.546,0.7911143379269997
19,23,745.979,0.5053971453738924
19,23,747.278,0.8926428082898888
19,23,749.008,1.1478987942188814
19,23,750.305,0.9679308073898337
19,23,751.601,0.6391037885056268
19,23,752.896,-1.0308263032964742
19,23,754.621,-0.4633962687138129
19,23,755.914,0.6889797341549817
19,23,756.775,0.9521834528574549
19,23,757.636,0.6268835484276643
19,23,758.927,0.9368714519721326
19,23,762.365,0.82108877665801
19,23,763.223,1.3847940583288274
19,23,766.225,0.8575668841457943
19,23,768.795,-0.8255090755118537
19,23,769.222,0.41016250791546915
19,23,771.36,0.7743915331084226
19,23,776.055,-0.5792644534357945
19,23,776.908,-0.7641818022872818
19,23,782.864,0.4258659091121863
19,23,785.835,-0.8886386686986236
19,23,786.259,-1.0319502195810262
19,23,790.071,-0.8422182128082325
19,23,795.143,0.4330239583541485
19,23,798.516,0.5241296122653344
19,23,799.358,-0.7175010598639259
19,23,808.599,-0.6929437887922808
19,23,817.378,0.8036007006453093
19,23,826.116,-0.7557168575057184
19,23,835.226,-0.3321326429302882
19,23,853.313,-0.4740894986521746
19,23,854.949,-0.9959219682330476
19,23,856.174,-0.6819985576182285
19,23,862.29,-0.6558287541371695
19,23,871.629,-0.5625613894942972
19,23,900.955,-0.63911014485017
19,23,904.936,0.23678255256639338
19,23,905.333,-0.537406840415729
19,23,939.588,0.4725919437551394
19,23,941.147,0.9855786215214164
19,23,941.926,0.3925352831851391
19,23,942.315,0.7791110804086767
19,23,945.428,0.7876779824372305
19,23,946.593,0.5065628925651708
19,23,946.982,1.167248810315973
19,23,947.37,0.6816322055898656
19,23,947.758,0.668037319226383
19,23,948.146,0.5924614952104187
19,23,948.534,1.0106906107804088
19,23,949.698,1.0520323577421875
19,24,498.821,-0.9191934563144064
19,24,499.31,-1.245676134957073
19,24,500.287,-0.7938210154356252
19,24,500.775,1.129750216490058
19,24,502.727,-0.8773668635724098
19,24,503.702,1.4698428872521636
19,24,504.19,-1.3907814002388392
19,24,504.677,0.3395967186968415
19,24,505.164,1.6535118306984853
19,24,506.139,-0.7415388078639359
19,24,506.625,1.4423747737858763
19,24,627.282,0.4951313997024193
19,24,633.249,0.6149780241393492
19,24,657.399,0.797648162305045
19,24,660.567,0.7047479091660209
19,24,688.856,1.169186634656763
19,24,690.193,1.026503965543774
19,24,729.017,-0.5591031525881186
19,24,733.38,-0.900758003410273
19,24,736.864,0.47894825205766284
19,24,737.734,1.5503510677835968
19,24,741.644,0.11881301046856584
19,24,742.078,0.8839585576035044
19,24,742.946,0.48376952452657845
19,24,744.246,-0.9656850816041004
19,24,745.546,0.9081561157436465
19,24,745.979,0.5958352847018598
19,24,747.278,0.9906295800470646
19,24,749.008,1.2633145009407907
19,24,750.305,1.0747806933013322
19,24,751.601,0.7658894874748726
19,24,752.896,-0.9378826229703232
19,24,754.621,-0.42860843708220403
19,24,755.914,0.7786643958424825
19,24,756.775,1.0378366465577877
19,24,758.927,0.9938844582899385
19,24,762.365,0.9175298717307292
19,24,763.223,1.528343760863794
19,24,768.795,-0.7700334282462065
19,24,769.222,0.4787211927295136
19,24,771.36,0.8418393082607415
19,24,776.055,-0.5215418219840484
19,24,776.908,-0.7087302907491926
19,24,782.864,0.5083448100306962
19,24,785.835,-0.868559640311877
19,24,786.259,-1.0220090550185
19,24,790.071,-0.7975572334671428
19,24,795.143,0.4886890193204478
19,24,799.358,-0.6931329941947105
19,24,808.599,-0.6711231724172996
19,24,817.378,0.8480084234521368
19,24,826.116,-0.7435012154161459
19,24,853.313,-0.44421468712129225
19,24,854.949,-0.9920812198470308
19,24,856.174,-0.6723620912606285
19,24,862.29,-0.6421443733292896
19,24,871.629,-0.5671471281012022
19,24,900.955,-0.6492818904783343
19,24,904.936,0.22106642732184273
19,24,939.588,0.42713157010978864
19,24,941.147,0.9654785045970679
19,24,941.926,0.3548701872240028
19,24,942.315,0.767468431535366
19,24,945.428,0.7453651214447308
19,24,946.593,0.47661470561874547
19,24,946.982,1.1610633087151496
19,24,947.37,0.6594394670745334
19,24,947.758,0.636618435017861
19,24,948.146,0.5747987298192175
19,24,948.534,1.0000773615083391
19,24,949.698,1.050685764814089
19,25,498.821,-0.9060180934812786
19,25,499.31,-1.235588068192356
19,25,500.287,-0.7753812371918943
19,25,500.775,1.190093053014969
19,25,502.727,-0.8365246234969876
19,25,503.702,1.5442685413892763
19,25,504.19,-1.3521101758823864
19,25,505.164,1.7160559766723393
19,25,506.139,-0.7222898346317097
19,25,506.625,1.4919030124900796
19,25,627.282,0.5004189589037004
19,25,633.249,0.6231906462248993
19,25,657.399,0.8131896208331798
19,25,660.567,0.7171436605324618
19,25,688.856,1.1407392926631172
19,25,690.193,1.0078189847112704
19,25,729.017,-0.5727568937814328
19,25,733.38,-0.9255456877192005
19,25,736.864,0.48161571187184754
19,25,737.734,1.5721245946916005
19,25,741.644,0.11583493872442584
19,25,742.078,0.8948450258624743
19,25,742.946,0.4860894266184471
19,25,744.246,-0.983191476800585
19,25,745.546,0.9234290455923233
19,25,745.979,0.6044158158293723
19,25,747.278,1.0103533097017812
19,25,749.008,1.2780743551837161
19,25,750.305,1.0991495279170682
19,25,751.601,0.7838872239920573
19,25,752.896,-0.9414549468013812
19,25,754.621,-0.4262959834840004
19,25,755.914,0.7997143857852108
19,25,756.775,1.063953489875754
19,25,758.927,1.0185854485858155
19,25,762.365,0.9423199141758468
19,25,763.223,1.559978110614764
19,25,768.795,-0.763998885124031
19,25,769.222,0.4940293862038145
19,25,771.36,0.8649415681607172
19,25,776.055,-0.5131938926561097
19,25,776.908,-0.704988740366461
19,25,782.864,0.5318226115293505
19,25,785.835,-0.867929814430421
19,25,786.259,-1.0264258000046074
19,25,790.071,-0.7945946088974072
19,25,799.358,-0.6914961839160075
19,25,808.599,-0.670583890679462
19,25,817.378,0.8754339111706427
19,25,826.116,-0.7479788573726086
19,25,853.313,-0.44230036710057546
19,25,854.949,-1.0011617902712844
19,25,856.174,-0.6750517157432318
19,25,862.29,-0.6438545367975471
19,25,871.629,-0.5690600370207785
19,25,900.955,-0.6556554370253254
19,25,904.936,0.23164491811971638
19,25,939.588,0.43287964269011997
19,25,941.147,0.9793503831140866
19,25,941.926,0.3551461388677992
19,25,942.315,0.7748665838788568
19,25,945.428,0.7514211684598754
19,25,946.593,0.4798278185701879
19,25,946.982,1.1770054664641618
19,25,947.37,0.6683240260437244
19,25,947.758,0.6399839230344642
19,25,948.146,0.5825059938536784
19,25,948.534,1.0156946892311465
19,25,949.698,1.0634219211587486
19,26,498.821,-0.9199482630790138
19,26,499.31,-1.2472228097364024
19,26,500.287,-0.7768841454989414
19,26,500.775,1.244137804257966
19,26,502.727,-0.8386954814358595
19,26,503.702,1.6149428109280843
19,26,504.19,-1.3165683243719077
19,26,505.164,1.7618817115694256
19,26,506.139,-0.7486708777636425
19,26,506.625,1.5714115622990246
19,26,627.282,0.5477105429507353
19,26,633.249,0.6829555893678028
19,26,657.399,0.9797537518397056
19,26,688.856,1.2629841242904805
19,26,690.193,1.100498202654432
19,26,729.017,-0.6601062395281426
19,26,733.38,-1.0369971273721172
19,26,736.864,0.419312060505517
19,26,737.734,1.5744702682645142
19,26,741.644,0.05099167184854687
19,26,742.078,0.8763427576036286
19,26,742.946,0.45072825420516294
19,26,744.246,-1.069430643205895
19,26,745.546,0.9548596687263038
19,26,745.979,0.6017654459306564
19,26,747.278,1.0279638706228287
19,26,749.008,1.3176705623818838
19,26,750.305,1.1238445043958265
19,26,751.601,0.8179001514405363
19,26,752.896,-0.9611567531533272
19,26,754.621,-0.43460245294935057
19,26,755.914,0.8206679352836809
19,26,756.775,1.103815314411614
19,26,758.927,1.0414595964442828
19,26,762.365,0.989533275230731
19,26,763.223,1.636015820016099
19,26,768.795,-0.7668661141058385
19,26,769.222,0.5198432047639349
19,26,771.36,0.906234249616063
19,26,776.055,-0.49866813095404233
19,26,776.908,-0.7074715561181576
19,26,782.864,0.572945185768154
19,26,785.835,-0.8726077298011627
19,26,786.259,-1.0493255000355324
19,26,790.071,-0.787471332509471
19,26,799.358,-0.6858123386061433
19,26,808.599,-0.6669956175239261
19,26,817.378,0.9178428369567739
19,26,826.116,-0.7456576095498855
19,26,853.313,-0.41615276637679416
19,26,854.949,-1.0109592822926379
19,26,862.29,-0.6327086936173414
19,26,871.629,-0.5648644897362839
19,26,900.955,-0.6548067039022961
19,26,939.588,0.4375788431377793
19,26,941.147,1.0101654094411698
19,26,941.926,0.35830185971478035
19,26,942.315,0.7919366014935064
19,26,945.428,0.7650274860546792
19,26,946.593,0.482788166390115
19,26,946.982,1.2146667632908363
19,26,947.37,0.6797919578723085
19,26,947.758,0.6520475617587373
19,26,948.146,0.6041518706639563
19,26,948.534,1.038600796630754
19,26,949.698,1.0849224051529085
19,27,499.31,-1.3687392712637025
19,27,500.287,-0.8747026973465386
19,27,500.775,1.1889872193509627
19,27,502.727,-0.9646598343054268
19,27,503.702,1.5786166456414628
19,27,504.19,-1.4749404160476052
19,27,505.164,1.7113333203102425
19,27,506.139,-0.8419968739054419
19,27,506.625,1.56100588329875
19,27,627.282,0.5652958295785079
19,27,633.249,0.7058553532451088
19,27,657.399,0.9702774903573516
19,27,688.856,1.2821498100272406
19,27,690.193,1.1244378652996043
19,27,729.017,-0.6491733144716845
19,27,733.38,-1.0506288187382882
19,27,736.864,0.4426905224088193
19,27,737.734,1.6294756863583955
19,27,741.644,0.0464203410533343
19,27,742.078,0.8896297002730291
19,27,742.946,0.45455833678559127
19,27,744.246,-1.1258042263515409
19,27,745.546,0.9525877626447038
19,27,745.979,0.5873180256709642
19,27,747.278,1.035889022556173
19,27,749.008,1.322250107628274
19,27,750.305,1.1288963785455393
19,27,751.601,0.810801424719662
19,27,752.896,-1.0389691285316753
19,27,754.621,-0.48094164451112215
19,27,755.914,0.8121582390586443
19,27,756.775,1.1069329308239566
19,27,758.927,1.0423555045361903
19,27,762.365,0.9883918185117494
19,27,763.223,1.6590454552295335
19,27,768.795,-0.8237280163961707
19,27,769.222,0.5049069999998431
19,27,771.36,0.9176707477374583
19,27,776.055,-0.5437089489575885
19,27,776.908,-0.7577347381928409
19,27,782.864,0.5708244517611446
19,27,785.835,-0.9256043456274877
19,27,786.259,-1.1062434558413634
19,27,790.071,-0.8370054401063912
19,27,799.358,-0.7271768349173161
19,27,808.599,-0.7026603935084321
19,27,817.378,0.9402688555891215
19,27,826.116,-0.7868512392337873
19,27,853.313,-0.44125409259140075
19,27,854.949,-1.0557219054900753
19,27,862.29,-0.6642387507123657
19,27,871.629,-0.5930737214264367
19,27,900.955,-0.6852095944999695
19,27,939.588,0.46213737625512497
19,27,941.147,1.050587881636257
19,27,941.926,0.3745787789822132
19,27,942.315,0.8160456260652513
19,27,945.428,0.7987962892758544
19,27,946.982,1.2636848718944218
19,27,947.37,0.7136522788354713
19,27,947.758,0.6828087069101976
19,27,948.146,0.6338540036781882
19,27,948.534,1.0886516183013324
19,27,949.698,1.1309053870904469
19,28,499.31,-1.3288415288882045
19,28,500.287,-0.7664220021291982
19,28,500.775,1.406870059551461
19,28,502.727,-0.81907429091938
19,28,504.19,-1.3577131233592283
19,28,505.164,1.9949709114412746
19,28,506.139,-0.7293899861719938
19,28,506.625,1.7830578447299152
19,28,627.282,0.5881602345480863
19,28,633.249,0.7365332495320709
19,28,657.399,1.0453064601045405
19,28,688.856,1.25826632544381
19,28,690.193,1.1125011418663768
19,28,729.017,-0.7253813323058339
19,28,733.38,-1.1386821452592566
19,28,736.864,0.4721312882148222
19,28,737.734,1.740108032178866
19,28,741.644,0.09075730145685967
19,28,742.078,0.9895917391669947
19,28,742.946,0.5399681758524304
19,28,744.246,-1.1300754154597907
19,28,745.546,1.0777907591529126
19,28,747.278,1.1728465000467807
19,28,749.008,1.468929998574133
19,28,750.305,1.2837747749440036
19,28,751.601,0.9453044541223419
19,28,752.896,-1.0001316912027263
19,28,754.621,-0.39395441823087907
19,28,755.914,0.9501408505269207
19,28,756.775,1.2707304411072773
19,28,758.927,1.2109067564651572
19,28,762.365,1.1396672663287253
19,28,768.795,-0.7778639579721265
19,28,769.222,0.6125250903872477
19,28,771.36,1.0512673254384928
19,28,776.055,-0.4914619593020314
19,28,776.908,-0.7217577631727071
19,28,782.864,0.6715815161611302
19,28,785.835,-0.9063811800042068
19,28,786.259,-1.1001474971948533
19,28,790.071,-0.821045426089349
19,28,799.358,-0.7067992984543873
19,28,808.599,-0.6870548943803474
19,28,817.378,1.043166834881257
19,28,826.116,-0.7891288813926429
19,28,853.313,-0.4361513734077853
19,28,854.949,-1.0883391993251668
19,28,862.29,-0.6753588092452193
19,28,871.629,-0.5951056377766146
19,28,900.955,-0.7018611173406067
19,28,941.147,1.1247711403425795
19,28,941.926,0.4068548975958029
19,28,942.315,0.8696049551638649
19,28,945.428,0.8554983836292062
19,28,946.982,1.3463883398212115
19,28,947.37,0.7635635718347631
19,28,947.758,0.7314982725073081
19,28,948.146,0.6819773544486986
19,28,948.534,1.1585524047646016
19,28,949.698,1.1977579288676008
19,29,499.31,-1.315483085377529
19,29,500.287,-0.7441752368907226
19,29,500.775,1.5143190466507936
19,29,502.727,-0.7777555973756259
19,29,504.19,-1.2491689988834604
19,29,505.164,2.0972748415813913
19,29,506.139,-0.7341697109219165
19,29,506.625,1.9247155964209617
19,29,627.282,0.6653148845243092
19,29,633.249,0.8348597403995379
19,29,688.856,1.4143346680270283
19,29,690.193,1.233741743337229
19,29,729.017,-0.8950254498564639
19,29,733.38,-1.358341693572131
19,29,737.734,1.6977913653258865
19,29,741.644,-0.061398938619515085
19,29,742.078,0.9151171851961685
19,29,742.946,0.4382655135640494
19,29,744.246,-1.3096697298261744
19,29,745.546,1.1019205594496895
19,29,747.278,1.1720321827789384
19,29,749.008,1.5027482957483749
19,29,750.305,1.298473788371025
19,29,751.601,0.9810618124293963
19,29,754.621,-0.40731412855033733
19,29,755.914,0.9706136452250249
19,29,756.775,1.3271745128195755
19,29,758.927,1.2363194472765906
19,29,762.365,1.2138513732532221
19,29,768.795,-0.767087657906658
19,29,769.222,0.6590358047956889
19,29,771.36,1.1236008375213036
19,29,776.055,-0.44489231679763186
19,29,776.908,-0.7079803331154733
19,29,785.835,-0.8898869567730987
19,29,786.259,-1.114747681602367
19,29,790.071,-0.780776410702518
19,29,799.358,-0.6711744260819945
19,29,808.599,-0.6572110134890969
19,29,817.378,1.1192996278428275
19,29,826.116,-0.7644216767021625
19,29,853.313,-0.37451182744765354
19,29,854.949,-1.0868025225597742
19,29,862.29,-0.6360761300191501
19,29,871.629,-0.5678057387859965
19,29,900.955,-0.6828959093048069
19,29,941.147,1.1813608418663992
19,29,941.926,0.41593790327664965
19,29,942.315,0.8999558478667872
19,29,945.428,0.8822503303120545
19,29,946.982,1.4125543757494567
19,29,947.37,0.7847608190210031
19,29,947.758,0.7590595962788702
19,29,948.146,0.7217920253510813
19,29,948.534,1.1989067439610905
19,29,949.698,1.2351787810645325
19,30,499.31,-1.3292645071575837
19,30,500.287,-0.7429111887210719
19,30,500.775,1.5651838380950898
19,30,502.727,-0.7866657179877451
19,30,504.19,-1.2935042595002442
19,30,505.164,2.1179700435659328
19,30,506.139,-0.7747863000634766
19,30,506.625,1.9382992137707376
19,30,627.282,0.6589527175579113
19,30,633.249,0.8329958071181705
19,30,688.856,1.4095724698810672
19,30,690.193,1.2253899407527826
19,30,729.017,-0.8974229672116373
19,30,733.38,-1.360212875141877
19,30,737.734,1.7838785228587777
19,30,741.644,-0.0029651951720160614
19,30,742.078,0.99552918284314
19,30,744.246,-1.279241237572165
19,30,745.546,1.1918058324877927
19,30,747.278,1.2688051928983277
19,30,749.008,1.5956467151585383
19,30,750.305,1.3974356778421004
19,30,754.621,-0.34538313362901774
19,30,755.914,1.0584190946490242
19,30,756.775,1.42461384637833
19,30,758.927,1.3299392576917437
19,30,762.365,1.3072563493591454
19,30,768.795,-0.729560054136368
19,30,769.222,0.7294982715653167
19,30,771.36,1.2031436213934517
19,30,776.055,-0.4055794445031395
19,30,776.908,-0.6749741112294857
19,30,785.835,-0.8673216280849118
19,30,786.259,-1.0982026719105054
19,30,790.071,-0.7593198746139342
19,30,799.358,-0.6475246711707515
19,30,808.599,-0.6349410328594017
19,30,817.378,1.1815284830782367
19,30,826.116,-0.7531743254565777
19,30,853.313,-0.35606598854000426
19,30,854.949,-1.0867189224825242
19,30,862.29,-0.6256824490254052
19,30,871.629,-0.5552684519674735
19,30,900.955,-0.6777681653620345
19,30,941.147,1.2348176362505827
19,30,941.926,0.44950293285832604
19,30,942.315,0.9442399428876369
19,30,945.428,0.9286244135032126
19,30,946.982,1.4725432358719137
19,30,947.37,0.8326819616665428
19,30,947.758,0.8043368008994486
19,30,948.534,1.2515282624983688
19,30,949.698,1.2878834426855623
19,31,499.31,-1.4364054206701673
19,31,500.287,-0.8457769545334586
19,31,500.775,1.5721056541723513
19,31,504.19,-1.4531112865891822
19,31,505.164,2.076328955570544
19,31,506.139,-0.9310037102241491
19,31,506.625,1.914006369629291
19,31,627.282,0.6602681591467732
19,31,633.249,0.8459942296455172
19,31,688.856,1.4297013028682233
19,31,690.193,1.2432320752531958
19,31,729.017,-0.8383026414042445
19,31,733.38,-1.2859991414123109
19,31,737.734,2.0830160071006643
19,31,741.644,0.14611064728383202
19,31,742.078,1.2425871735029532
19,31,744.246,-1.20250378135595
19,31,745.546,1.4508591385335414
19,31,747.278,1.5225947969214904
19,31,750.305,1.6379971128907043
19,31,754.621,-0.24894160840416985
19,31,755.914,1.2624141567681935
19,31,756.775,1.634454260537432
19,31,758.927,1.5173018317317255
19,31,768.795,-0.7017437740896081
19,31,769.222,0.8602807702849488
19,31,771.36,1.3562500676533857
19,31,776.908,-0.6603596133835699
19,31,785.835,-0.8753554445435914
19,31,786.259,-1.1224550080673226
19,31,790.071,-0.7710752659524743
19,31,799.358,-0.6637187880647347
19,31,808.599,-0.6568770187671242
19,31,817.378,1.2673523112824572
19,31,826.116,-0.7877813732856759
19,31,853.313,-0.37524437931728266
19,31,854.949,-1.157844811358404
19,31,862.29,-0.668555469784602
19,31,871.629,-0.6059275537555099
19,31,900.955,-0.7397932847513263
19,31,941.147,1.2796966421436315
19,31,941.926,0.4467313881814388
19,31,942.315,0.9807519398084316
19,31,945.428,0.9525312994021704
19,31,946.982,1.5363104276120996
19,31,947.37,0.8524151688756723
19,31,947.758,0.8146951512101153
19,31,948.534,1.2952646194019866
19,31,949.698,1.3425762887898642
19,32,499.31,-1.484960710689339
19,32,500.287,-0.8855406645220326
19,32,500.775,1.645080960359544
19,32,504.19,-1.567578226459926
19,32,505.164,2.170290450395909
19,32,506.139,-0.9962580907631277
19,32,506.625,1.9466489587400109
19,32,627.282,0.6669811943423424
19,32,633.249,0.856238775626451
19,32,688.856,1.4536634861742601
19,32,690.193,1.262612034123853
19,32,729.017,-0.8931226685550981
19,32,733.38,-1.344025138380006
19,32,737.734,2.1680373832900246
19,32,741.644,0.1577542327598154
19,32,742.078,1.2908673911696176
19,32,744.246,-1.2555524145919372
19,32,745.546,1.4772269296324354
19,32,747.278,1.5697104288723709
19,32,750.305,1.7038220033384375
19,32,754.621,-0.2920789626304966
19,32,755.914,1.3320180075478727
19,32,756.775,1.703833429150789
19,32,758.927,1.600850902071726
19,32,768.795,-0.7463627107902876
19,32,769.222,0.9204106420197634
19,32,771.36,1.4291458972030633
19,32,776.908,-0.6901971551744067
19,32,785.835,-0.9101962669034113
19,32,786.259,-1.1538378628737833
19,32,790.071,-0.8168935419741349
19,32,808.599,-0.6752607594325934
19,32,826.116,-0.7939417921785471
19,32,853.313,-0.37663151508050025
19,32,854.949,-1.1824798502731437
19,32,862.29,-0.6837338320888637
19,32,871.629,-0.6096387771393609
19,32,941.147,1.37619592849343
19,32,941.926,0.5247099350202666
19,32,945.428,1.0449302266034834
19,32,946.982,1.6453701423695273
19,32,947.37,0.9262712034945215
19,32,947.758,0.8912309165447145
19,32,948.534,1.390549722514669
19,32,949.698,1.4535998352826363
19,33,499.31,-1.6532987402536108
19,33,500.775,1.5707122874883876
19,33,504.19,-1.7214167144168122
19,33,505.164,2.1069867225566195
19,33,506.139,-1.1276472763414784
19,33,506.625,1.9254599346260266
19,33,627.282,0.7080576942951976
19,33,633.249,0.9056292266945764
19,33,688.856,1.439960198953069
19,33,690.193,1.276461043014452
19,33,729.017,-0.8276921191081734
19,33,733.38,-1.3120916468233126
19,33,737.734,2.322981182728046
19,33,742.078,1.3683521016905367
19,33,744.246,-1.328180490025477
19,33,745.546,1.528700072527839
19,33,747.278,1.6186981191988934
19,33,750.305,1.7192896645478486
19,33,754.621,-0.37888919715184716
19,33,755.914,1.3310469878417854
19,33,756.775,1.711827136331296
19,33,758.927,1.588653064142922
19,33,768.795,-0.8643200359014767
19,33,769.222,0.8879434389320694
19,33,771.36,1.4248533105622943
19,33,776.908,-0.7969575307466813
19,33,785.835,-1.02402054563495
19,33,786.259,-1.273873445274044
19,33,790.071,-0.9308041564924755
19,33,826.116,-0.8894258600886191
19,33,853.313,-0.4522661257896466
19,33,854.949,-1.2932826271396052
19,33,862.29,-0.7783603350141387
19,33,871.629,-0.6954381470826891
19,33,941.147,1.3871816125655867
19,33,941.926,0.4974166937807336
19,33,945.428,1.0468339124011665
19,33,946.982,1.6753471317128612
19,33,947.37,0.9110229627964914
19,33,947.758,0.8791861196427875
19,33,948.534,1.4039520532534835
19,33,949.698,1.4756502518880348
19,34,499.31,-1.6510822056525405
19,34,500.775,1.6297310786222758
19,34,504.19,-1.714704765454592
19,34,505.164,2.202169804179599
19,34,506.139,-1.1148075224416065
19,34,506.625,1.9726331330467457
19,34,627.282,0.7292973605488126
19,34,633.249,0.9314879246198403
19,34,688.856,1.4613005427415993
19,34,690.193,1.2925226838953858
19,34,733.38,-1.4694601074521425
19,34,737.734,2.249971970266513
19,34,742.078,1.275986288903626
19,34,744.246,-1.464881975469045
19,34,745.546,1.4598262933442072
19,34,747.278,1.5557179078362038
19,34,750.305,1.6800746171676562
19,34,754.621,-0.44779560552110476
19,34,755.914,1.3321289635024356
19,34,756.775,1.7193186927496933
19,34,758.927,1.6173994354049452
19,34,768.795,-0.8891352141458956
19,34,769.222,0.9236890417561501
19,34,771.36,1.4702041982171774
19,34,776.908,-0.8046718601551943
19,34,785.835,-1.0236465682945666
19,34,786.259,-1.2739578656952206
19,34,790.071,-0.9338070381721283
19,34,826.116,-0.8607157145273052
19,34,854.949,-1.2752770753778155
19,34,862.29,-0.7572530118220218
19,34,871.629,-0.6660157559997372
19,34,941.147,1.4589171101215015
19,34,945.428,1.1200371462281096
19,34,946.982,1.7598533496041713
19,34,947.37,0.9644036161604853
19,34,947.758,0.9388372291747565
19,34,948.534,1.4718591634304732
19,34,949.698,1.5518857499869692
19,35,499.31,-1.6830489524872574
19,35,500.775,1.7090376844666015
19,35,504.19,-1.8361492066430773
19,35,505.164,2.3024898983092297
19,35,506.139,-1.1412431167082
19,35,506.625,2.003594131267149
19,35,627.282,0.7373614781696783
19,35,633.249,0.9415530982667787
19,35,688.856,1.4279787444407412
19,35,690.193,1.2672186055008883
19,35,733.38,-1.6138676140646884
19,35,737.734,2.2347179913619586
19,35,742.078,1.2201109922924283
19,35,744.246,-1.6200542238706552
19,35,745.546,1.3854455491814663
19,35,747.278,1.5044018798484793
19,35,750.305,1.6535346481508693
19,35,755.914,1.347374784482179
19,35,756.775,1.7445819927658088
19,35,758.927,1.667622078678188
19,35,768.795,-0.9509453557667266
19,35,769.222,0.9753233901535582
19,35,771.36,1.5351759529685418
19,35,776.908,-0.8348961623836915
19,35,785.835,-1.0386811844581898
19,35,786.259,-1.2892283499948642
19,35,790.071,-0.9596387938514113
19,35,826.116,-0.8311261091288863
19,35,854.949,-1.2614651536355772
19,35,862.29,-0.7344702882270007
19,35,871.629,-0.6265229833360065
19,35,941.147,1.6085145762598962
19,35,946.982,1.9170839335906613
19,35,947.37,1.0871694987102283
19,35,947.758,1.071285071073536
19,35,948.534,1.614901150075435
19,35,949.698,1.7067267319020623
19,36,499.31,-1.778967563966252
19,36,500.775,1.694033530260782
19,36,504.19,-1.7907586406033
19,36,505.164,2.4210080918668715
19,36,506.139,-1.0682051151796275
19,36,506.625,2.173868959413437
19,36,627.282,0.8510809036064327
19,36,688.856,1.4839949696665973
19,36,690.193,1.3517909687468248
19,36,733.38,-1.6710377452571263
19,36,737.734,2.2517467750420845
19,36,742.078,1.175305248077375
19,36,744.246,-1.7617869934788226
19,36,745.546,1.3460752462903653
19,36,747.278,1.441243440267516
19,36,750.305,1.570600152437229
19,36,755.914,1.2294413038099725
19,36,756.775,1.6503314180773312
19,36,758.927,1.5551028434750396
19,36,768.795,-1.108177107849383
19,36,769.222,0.8473664328823467
19,36,771.36,1.4277365932630735
19,36,776.908,-0.9934192738372438
19,36,785.835,-1.18771884531686
19,36,786.259,-1.4574190098303366
19,36,790.071,-1.097643131208539
19,36,826.116,-0.9650832809243055
19,36,854.949,-1.396510274370583
19,36,871.629,-0.7356668519390019
19,36,941.147,1.558688572088811
19,36,946.982,1.8759307441690165
19,36,947.37,1.0179765166137924
19,36,947.758,1.0087305760854417
19,36,948.534,1.5594963272764926
19,36,949.698,1.645668750539986
19,37,499.31,-1.776671291274293
19,37,500.775,1.7393373238571428
19,37,504.19,-1.8183112034588274
19,37,505.164,2.4270764326732093
19,37,506.139,-1.1052223548458795
19,37,506.625,2.1825321402438864
19,37,627.282,0.8332740957656236
19,37,688.856,1.48496316142769
19,37,690.193,1.344755675603347
19,37,733.38,-1.5822722010500312
19,37,737.734,2.4509205378203323
19,37,742.078,1.3904289351024308
19,37,744.246,-1.5921683295911928
19,37,745.546,1.5761962994704406
19,37,750.305,1.8000434434690837
19,37,755.914,1.4283154178353972
19,37,756.775,1.8532230378035535
19,37,758.927,1.7460348016508853
19,37,768.795,-0.9994488150366769
19,37,771.36,1.5700818803557857
19,37,776.908,-0.9097874042551055
19,37,785.835,-1.1277160408851443
19,37,786.259,-1.404447639333475
19,37,790.071,-1.0494175579054457
19,37,826.116,-0.9510387874590331
19,37,854.949,-1.4079522495069206
19,37,871.629,-0.7406066014930264
19,37,941.147,1.5728849171059747
19,37,946.982,1.894217223303271
19,37,947.37,1.0221998104231966
19,37,947.758,1.0131007010911854
19,37,948.534,1.5707695201204863
19,37,949.698,1.6597978235197939
19,38,499.31,-1.8381545465180866
19,38,500.775,1.724010840150265
19,38,504.19,-1.8466458528258418
19,38,505.164,2.475944575066157
19,38,506.139,-1.096317033693737
19,38,506.625,2.2344742305153855
19,38,627.282,0.8709031253372462
19,38,688.856,1.4973225527701597
19,38,690.193,1.372990541489468
19,38,733.38,-1.5675960682768122
19,38,737.734,2.49467670171114
19,38,742.078,1.3883915510693163
19,38,744.246,-1.6502361428438392
19,38,745.546,1.5503848597176375
19,38,750.305,1.7524165755034535
19,38,755.914,1.3586643852647562
19,38,756.775,1.7879720374987491
19,38,758.927,1.6758400485269813
19,38,768.795,-1.1128717239216959
19,38,771.36,1.4956278368312501
19,38,776.908,-1.0188548847841576
19,38,785.835,-1.2355210550875393
19,38,790.071,-1.1535561932474898
19,38,826.116,-1.0368455152229727
19,38,854.949,-1.4908378664664703
19,38,871.629,-0.8092050180078649
19,38,941.147,1.554440890692186
19,38,946.982,1.880276271852953
19,38,947.37,0.9975598698087855
19,38,947.758,0.9879510674073999
19,38,948.534,1.5529393923816064
19,38,949.698,1.6446459814614858
19,39,499.31,-2.2124265596149817
19,39,500.775,1.744992839010912
19,39,504.19,-2.1620639414218488
19,39,505.164,2.549919400884899
19,39,506.139,-1.627310024272325
19,39,506.625,2.3887054487305677
19,39,627.282,0.9885543778058253
19,39,690.193,2.3869069060082633
19,39,733.38,-2.054769250642706
19,39,737.734,2.6089947676532925
19,39,742.078,1.3817638068783566
19,39,744.246,-2.0613468467561686
19,39,745.546,1.7320623436440101
19,39,750.305,1.9461436886905226
19,39,755.914,1.5028033347747658
19,39,756.775,1.985210700619667
19,39,758.927,1.7947622119333213
19,39,768.795,-1.2369065173019302
19,39,771.36,1.7000548011555805
19,39,776.908,-1.099517918215485
19,39,785.835,-1.4055248597004237
19,39,790.071,-1.2180355558865505
19,39,826.116,-1.143295686952382
19,39,854.949,-1.6313756453273605
19,39,941.147,1.7265735261490547
19,39,946.982,2.111804492968565
19,39,947.758,1.071076738322215
19,39,948.534,1.7514306356174758
19,39,949.698,1.8670377607876467
19,40,499.31,-2.3879617108491895
19,40,500.775,1.5491264034145498
19,40,504.19,-2.4370272175083563
19,40,505.164,2.0731803825908344
19,40,506.625,2.060767586849284
19,40,627.282,0.9543050984751962
19,40,690.193,2.4984761169219625
19,40,733.38,-2.0498910067140836
19,40,737.734,2.7233328188656483
19,40,742.078,1.4526927477700036
19,40,744.246,-2.0974984020693217
19,40,745.546,1.8428925809341536
19,40,750.305,2.0199598932643674
19,40,755.914,1.5762081699099837
19,40,756.775,2.0586166535287713
19,40,758.927,1.8261092482111068
19,40,768.795,-1.22767375193403
19,40,771.36,1.7949693139999854
19,40,776.908,-1.0788818597792995
19,40,785.835,-1.404878293922781
19,40,790.071,-1.1893950358139453
19,40,826.116,-1.1147461186640697
19,40,854.949,-1.6182156104950522
19,40,941.147,1.7872633552128896
19,40,946.982,2.206870609893404
19,40,947.758,1.0907230685601446
19,40,948.534,1.847390526407001
19,40,949.698,1.9644863423186651
19,41,499.31,-2.3879617108491895
19,41,500.775,1.5491264034145498
19,41,504.19,-2.4370272175083563
19,41,505.164,2.0731803825908344
19,41,506.625,2.060767586849284
19,41,627.282,0.9543050984751962
19,41,690.193,2.4984761169219625
19,41,733.38,-2.0498910067140836
19,41,737.734,2.7233328188656483
19,41,742.078,1.4526927477700036
19,41,744.246,-2.0974984020693217
19,41,745.546,1.8428925809341536
19,41,750.305,2.0199598932643674
19,41,755.914,1.5762081699099837
19,41,756.775,2.0586166535287713
19,41,758.927,1.8261092482111068
19,41,768.795,-1.22767375193403
19,41,771.36,1.7949693139999854
19,41,776.908,-1.0788818597792995
19,41,785.835,-1.404878293922781
19,41,790.071,-1.1893950358139453
19,41,826.116,-1.1147461186640697
19,41,854.949,-1.6182156104950522
19,41,941.147,1.7872633552128896
19,41,946.982,2.206870609893404
19,41,947.758,1.0907230685601446
19,41,948.534,1.847390526407001
19,41,949.698,1.9644863423186651
19,42,499.31,-2.7639927118271426
19,42,500.775,1.5153632280610387
19,42,504.19,-2.3893016741097246
19,42,505.164,2.237228254198427
19,42,506.625,2.414456133008306
19,42,627.282,1.2317058292175267
19,42,737.734,2.3155652281285324
19,42,742.078,0.872943103929644
19,42,744.246,-3.1211784618606417
19,42,745.546,1.652123275075716
19,42,750.305,1.8074743760677605
19,42,755.914,1.4099605625884486
19,42,756.775,1.9751697572979325
19,42,758.927,1.6192125453453878
19,42,768.795,-1.4905981189902708
19,42,771.36,1.8422452235213584
19,42,776.908,-1.2575995631866248
19,42,785.835,-1.6444785890445566
19,42,790.071,-1.2632311571240398
19,42,826.116,-1.2352277999544614
19,42,854.949,-1.768473863062835
19,42,941.147,1.8618441769495522
19,42,946.982,2.3639255902839547
19,42,947.758,1.0647922510421677
19,42,948.534,1.9326818280129152
19,42,949.698,2.0956628730437066
19,43,499.31,-2.7639927118271426
19,43,500.775,1.5153632280610387
19,43,504.19,-2.3893016741097246
19,43,505.164,2.237228254198427
19,43,506.625,2.414456133008306
19,43,627.282,1.2317058292175267
19,43,737.734,2.3155652281285324
19,43,742.078,0.872943103929644
19,43,744.246,-3.1211784618606417
19,43,745.546,1.652123275075716
19,43,750.305,1.8074743760677605
19,43,755.914,1.4099605625884486
19,43,756.775,1.9751697572979325
19,43,758.927,1.6192125453453878
19,43,768.795,-1.4905981189902708
19,43,771.36,1.8422452235213584
19,43,776.908,-1.2575995631866248
19,43,785.835,-1.6444785890445566
19,43,790.071,-1.2632311571240398
19,43,826.116,-1.2352277999544614
19,43,854.949,-1.768473863062835
19,43,941.147,1.8618441769495522
19,43,946.982,2.3639255902839547
19,43,947.758,1.0647922510421677
19,43,948.534,1.9326818280129152
19,43,949.698,2.0956628730437066
19,44,499.31,-2.750227424994003
19,44,500.775,1.5430435756510728
19,44,504.19,-2.3930103519685098
19,44,505.164,2.2304029410219384
19,44,506.625,2.40679619248262
19,44,627.282,1.2120529439954195
19,44,737.734,2.429595251464132
19,44,742.078,1.010311525039897
19,44,744.246,-3.0037679166630356
19,44,745.546,1.806656861489317
19,44,750.305,1.9640240586031956
19,44,756.775,2.118396525939852
19,44,758.927,1.7532793095766586
19,44,768.795,-1.4002047108934694
19,44,771.36,1.9471437490732666
19,44,776.908,-1.1831924580638762
19,44,785.835,-1.5883074720491888
19,44,790.071,-1.2139145185556803
19,44,826.116,-1.2083844248349767
19,44,854.949,-1.7592041108691123
19,44,941.147,1.8700396867788958
19,44,946.982,2.3751600604747636
19,44,947.758,1.0652455863305603
19,44,948.534,1.9387311037364459
19,44,949.698,2.1047981328184195
19,45,499.31,-2.927932378395521
19,45,500.775,1.5315902101680567
19,45,504.19,-2.499721322980217
19,45,505.164,2.2851553475423003
19,45,506.625,2.5173472642146724
19,45,627.282,1.2788047852931137
19,45,737.734,2.814327471959394
19,45,744.246,-2.898782034791349
19,45,745.546,2.1072832262781205
19,45,750.305,2.2007181739600323
19,45,756.775,2.265761626445518
19,45,758.927,1.8559258658936684
19,45,768.795,-1.495865959228042
19,45,771.36,1.9791406575414323
19,45,776.908,-1.3102018720166404
19,45,785.835,-1.7579656270205823
19,45,790.071,-1.3729972145435743
19,45,854.949,-1.9793260048407264
19,45,941.147,1.8091549936020963
19,45,946.982,2.3380094917773073
19,45,947.758,0.9701794476173505
19,45,948.534,1.887210288795353
19,45,949.698,2.057691300911006
19,46,499.31,-2.927932378395521
19,46,500.775,1.5315902101680567
19,46,504.19,-2.499721322980217
19,46,505.164,2.2851553475423003
19,46,506.625,2.5173472642146724
19,46,627.282,1.2788047852931137
19,46,737.734,2.814327471959394
19,46,744.246,-2.898782034791349
19,46,745.546,2.1072832262781205
19,46,750.305,2.2007181739600323
19,46,756.775,2.265761626445518
19,46,758.927,1.8559258658936684
19,46,768.795,-1.495865959228042
19,46,771.36,1.9791406575414323
19,46,776.908,-1.3102018720166404
19,46,785.835,-1.7579656270205823
19,46,790.071,-1.3729972145435743
19,46,854.949,-1.9793260048407264
19,46,941.147,1.8091549936020963
19,46,946.982,2.3380094917773073
19,46,947.758,0.9701794476173505
19,46,948.534,1.887210288795353
19,46,949.698,2.057691300911006
19,47,499.31,-2.930186160643915
19,47,504.19,-2.2750139597670422
19,47,505.164,3.204480081125816
19,47,506.625,3.262839726889754
19,47,737.734,2.460851107957693
19,47,744.246,-4.073488233836676
19,47,745.546,1.8207998758218298
19,47,750.305,2.1807613099080894
19,47,756.775,2.5193133584842884
19,47,758.927,2.1239418783311885
19,47,768.795,-1.6635943794029249
19,47,771.36,2.4172385075202762
19,47,776.908,-1.3971532219173834
19,47,785.835,-1.7885352291212928
19,47,790.071,-1.3538702017913744
19,47,854.949,-1.9513387485560016
19,47,946.982,3.119629045252083
19,47,948.534,2.572351852302946
19,47,949.698,2.7684800090369466
19,48,499.31,-3.1575166232267975
19,48,504.19,-2.3503952579411296
19,48,505.164,3.302405220869682
19,48,506.625,3.431099962569435
19,48,737.734,2.8450285262506756
19,48,744.246,-3.9816539325134244
19,48,745.546,2.024676040037691
19,48,750.305,2.265000218027727
19,48,756.775,2.4699904283947047
19,48,758.927,2.025352394425575
19,48,768.795,-1.934700967462464
19,48,771.36,2.2302686073420266
19,48,776.908,-1.7045704139556537
19,48,785.835,-2.1220066986013895
19,48,790.071,-1.6827753239246421
19,48,946.982,2.945666991608583
19,48,948.534,2.3886787259340623
19,48,949.698,2.5887245861682042
19,49,499.31,-3.1575166232267975
19,49,504.19,-2.3503952579411296
19,49,505.164,3.302405220869682
19,49,506.625,3.431099962569435
19,49,737.734,2.8450285262506756
19,49,744.246,-3.9816539325134244
19,49,745.546,2.024676040037691
19,49,750.305,2.265000218027727
19,49,756.775,2.4699904283947047
19,49,758.927,2.025352394425575
19,49,768.795,-1.934700967462464
19,49,771.36,2.2302686073420266
19,49,776.908,-1.7045704139556537
19,49,785.835,-2.1220066986013895
19,49,790.071,-1.6827753239246421
19,49,946.982,2.945666991608583
19,49,948.534,2.3886787259340623
19,49,949.698,2.5887245861682042
19,50,499.31,-3.1575166232267975
19,50,504.19,-2.3503952579411296
19,50,505.164,3.302405220869682
19,50,506.625,3.431099962569435
19,50,737.734,2.8450285262506756
19,50,744.246,-3.9816539325134244
19,50,745.546,2.024676040037691
19,50,750.305,2.265000218027727
19,50,756.775,2.4699904283947047
19,50,758.927,2.025352394425575
19,50,768.795,-1.934700967462464
19,50,771.36,2.2302686073420266
19,50,776.908,-1.7045704139556537
19,50,785.835,-2.1220066986013895
19,50,790.071,-1.6827753239246421
19,50,946.982,2.945666991608583
19,50,948.534,2.3886787259340623
19,50,949.698,2.5887245861682042
19,51,499.31,-3.1575166232267975
19,51,504.19,-2.3503952579411296
19,51,505.164,3.302405220869682
19,51,506.625,3.431099962569435
19,51,737.734,2.8450285262506756
19,51,744.246,-3.9816539325134244
19,51,745.546,2.024676040037691
19,51,750.305,2.265000218027727
19,51,756.775,2.4699904283947047
19,51,758.927,2.025352394425575
19,51,768.795,-1.934700967462464
19,51,771.36,2.2302686073420266
19,51,776.908,-1.7045704139556537
19,51,785.835,-2.1220066986013895
19,51,790.071,-1.6827753239246421
19,51,946.982,2.945666991608583
19,51,948.534,2.3886787259340623
19,51,949.698,2.5887245861682042
19,52,499.31,-3.09112205918863
19,52,504.19,-2.3561409712112833
19,52,505.164,3.2794635337409876
19,52,506.625,3.398394216009864
19,52,737.734,2.8928791831281124
19,52,744.246,-3.875832813184612
19,52,745.546,2.205837068398485
19,52,750.305,2.4974464244522814
19,52,756.775,2.740828087654404
19,52,758.927,2.3026459446225145
19,52,768.795,-1.6983314553688647
19,52,776.908,-1.4692837654154758
19,52,785.835,-1.909392482625019
19,52,790.071,-1.4838853692564467
19,52,946.982,3.0486311445568117
19,52,948.534,2.484140430424934
19,52,949.698,2.685217104835783
19,53,499.31,-3.4336987379030837
19,53,504.19,-2.7132167350290137
19,53,505.164,3.959802843780446
19,53,506.625,3.1218943982674348
19,53,737.734,3.9051334838691796
19,53,744.246,-3.5058682517968283
19,53,750.305,3.756236176441573
19,53,756.775,4.080207641710102
19,53,768.795,-1.3149496549155644
19,53,776.908,-1.034385508522434
19,53,785.835,-1.8390361695208075
19,53,790.071,-1.452203673109314
19,53,946.982,2.932017972824046
19,53,948.534,2.7246663374971507
19,53,949.698,2.6703483569489204
19,54,499.31,-3.4336987379030837
19,54,504.19,-2.7132167350290137
19,54,505.164,3.959802843780446
19,54,506.625,3.1218943982674348
19,54,737.734,3.9051334838691796
19,54,744.246,-3.5058682517968283
19,54,750.305,3.756236176441573
19,54,756.775,4.080207641710102
19,54,768.795,-1.3149496549155644
19,54,776.908,-1.034385508522434
19,54,785.835,-1.8390361695208075
19,54,790.071,-1.452203673109314
19,54,946.982,2.932017972824046
19,54,948.534,2.7246663374971507
19,54,949.698,2.6703483569489204
19,55,499.31,-3.4336987379030837
19,55,504.19,-2.7132167350290137
19,55,505.164,3.959802843780446
19,55,506.625,3.1218943982674348
19,55,737.734,3.9051334838691796
19,55,744.246,-3.5058682517968283
19,55,750.305,3.756236176441573
19,55,756.775,4.080207641710102
19,55,768.795,-1.3149496549155644
19,55,776.908,-1.034385508522434
19,55,785.835,-1.8390361695208075
19,55,790.071,-1.452203673109314
19,55,946.982,2.932017972824046
19,55,948.534,2.7246663374971507
19,55,949.698,2.6703483569489204
19,56,499.31,-4.135491622521341
19,56,504.19,-3.292460539049907
19,56,505.164,4.022054169693701
19,56,506.625,3.428963575760585
19,56,744.246,-0.5499582755618109
19,56,756.775,6.979053294822372
19,56,776.908,-0.9391967078178387
19,56,785.835,-2.2957673199065836
19,56,946.982,2.447292831020049
19,56,948.534,2.1815198011356896
19,56,949.698,2.165148352085097
19,57,499.31,-4.135491622521341
19,57,504.19,-3.292460539049907
19,57,505.164,4.022054169693701
19,57,506.625,3.428963575760585
19,57,744.246,-0.5499582755618109
19,57,756.775,6.979053294822372
19,57,776.908,-0.9391967078178387
19,57,785.835,-2.2957673199065836
19,57,946.982,2.447292831020049
19,57,948.534,2.1815198011356896
19,57,949.698,2.165148352085097
19,58,499.31,-4.543272485199712
19,58,504.19,-3.032412941870199
19,58,505.164,3.748573314945898
19,58,506.625,3.6489194750479608
19,58,756.775,7.441458546077225
19,58,785.835,-3.0155732468490704
19,58,946.982,2.517619097807825
19,58,948.534,2.115646980687797
19,58,949.698,2.1438879880265738
19,59,499.31,-4.543272485199712
19,59,504.19,-3.032412941870199
19,59,505.164,3.748573314945898
19,59,506.625,3.6489194750479608
19,59,756.775,7.441458546077225
19,59,785.835,-3.0155732468490704
19,59,946.982,2.517619097807825
19,59,948.534,2.115646980687797
19,59,949.698,2.1438879880265738
19,60,499.31,-4.543272485199712
19,60,504.19,-3.032412941870199
19,60,505.164,3.748573314945898
19,60,506.625,3.6489194750479608
19,60,756.775,7.441458546077225
19,60,785.835,-3.0155732468490704
19,60,946.982,2.517619097807825
19,60,948.534,2.115646980687797
19,60,949.698,2.1438879880265738
19,61,499.31,-6.015790908030789
19,61,505.164,3.0203949123679363
19,61,506.625,3.1635620237362936
19,61,756.775,9.131642281083304
19,61,785.835,-4.114904494564127
19,61,946.982,2.860063666728239
19,61,948.534,2.3919341450773293
19,61,949.698,2.4867497765494506
19,62,499.31,-5.927635642888511
19,62,505.164,3.2209824191092977
19,62,506.625,2.9528823720124544
19,62,756.775,9.262507504582299
19,62,785.835,-4.078897256157303
19,62,946.982,4.051113289419443
19,62,948.534,3.47304079150146
19,63,499.31,-5.927635642888511
19,63,505.164,3.2209824191092977
19,63,506.625,2.9528823720124544
19,63,756.775,9.262507504582299
19,63,785.835,-4.078897256157303
19,63,946.982,4.051113289419443
19,63,948.534,3.47304079150146
19,64,499.31,-3.9739643053572995
19,64,505.164,0.8960248877172721
19,64,506.625,3.254796923018935
19,64,756.775,13.948401151826022
19,64,785.835,-13.397248461301768
19,64,946.982,9.723026934671774
19,65,499.31,-3.9739643053572995
19,65,505.164,0.8960248877172721
19,65,506.625,3.254796923018935
19,65,756.775,13.948401151826022
19,65,785.835,-13.397248461301768
19,65,946.982,9.723026934671774
19,66,499.31,-3.2741041746607884
19,66,506.625,3.4828181730270877
19,66,756.775,12.213538417610094
19,66,785.835,-12.204815864132943
19,66,946.982,9.221187435532535
19,67,499.31,-3.2741041746607884
19,67,506.625,3.4828181730270877
19,67,756.775,12.213538417610094
19,67,785.835,-12.204815864132943
19,67,946.982,9.221187435532535
19,68,499.31,-3.2741041746607884
19,68,506.625,3.4828181730270877
19,68,756.775,12.213538417610094
19,68,785.835,-12.204815864132943
19,68,946.982,9.221187435532535
19,69,499.31,-3.2741041746607884
19,69,506.625,3.4828181730270877
19,69,756.775,12.213538417610094
19,69,785.835,-12.204815864132943
19,69,946.982,9.221187435532535
19,70,506.625,1.5227298950783885
19,70,756.775,15.366243417892212
19,70,785.835,-19.716819906382423
19,70,946.982,9.55828527956987
19,71,756.775,14.306920493598941
19,71,785.835,-19.56781982388357
19,71,946.982,9.18535295800425
19,72,756.775,14.306920493598941
19,72,785.835,-19.56781982388357
19,72,946.982,9.18535295800425
19,73,756.775,14.306920493598941
19,73,785.835,-19.56781982388357
19,73,946.982,9.18535295800425
19,74,756.775,14.306920493598941
19,74,785.835,-19.56781982388357
19,74,946.982,9.18535295800425
19,75,756.775,14.306920493598941
19,75,785.835,-19.56781982388357
19,75,946.982,9.18535295800425
19,76,756.775,14.306920493598941
19,76,785.835,-19.56781982388357
19,76,946.982,9.18535295800425
19,77,756.775,14.306920493598941
19,77,785.835,-19.56781982388357
19,77,946.982,9.18535295800425
19,78,756.775,14.306920493598941
19,78,785.835,-19.56781982388357
19,78,946.982,9.18535295800425
19,79,756.775,3.517748353501248
19,79,785.835,-0.4425205607676669
19,80,756.775,3.0626690767648483
19,81,756.775,3.0626690767648483
19,82,756.775,3.0626690767648483
19,83,756.775,3.0626690767648483
19,84,756.775,3.0626690767648483
19,85,756.775,3.0626690767648483
19,86,756.775,3.0626690767648483
19,87,756.775,3.0626690767648483
19,88,756.775,3.0626690767648483
19,89,756.775,3.0626690767648483
19,90,756.775,3.0626690767648483
19,91,756.775,3.0626690767648483
19,92,756.775,3.0626690767648483
19,93,756.775,3.0626690767648483
19,94,756.775,3.0626690767648483
19,95,756.775,3.0626690767648483
19,96,756.775,3.0626690767648483
19,97,756.775,3.0626690767648483
19,98,756.775,3.0626690767648483
19,99,756.775,3.0626690767648483
19,100,756.775,3.0626690767648483
